0.000000 -0.000000 0.000000 0.000000 0.000000
0.002000 -0.000000 0.000000 0.000000 0.000000
0.004000 -0.000000 0.000000 0.000000 0.000000
0.006000 -0.000000 0.000000 0.000000 0.000000
0.008000 -0.000000 0.000000 -0.063381 0.000000
0.010000 -0.000000 -0.063347 -0.064187 0.000000
0.012000 -0.000000 -0.056822 -0.056137 0.000000
0.014000 -0.000000 -0.045860 -0.023555 0.000000
0.016000 -0.000000 -0.036100 -0.023555 0.000000
0.018000 -0.000000 -0.035931 -0.044901 0.000000
0.020000 -0.000000 -0.035330 -0.075017 0.000000
0.022000 -0.000000 -0.039901 -0.074802 0.000000
0.024000 -0.000000 -0.038647 -0.074802 0.000000
0.026000 -0.000000 -0.038464 -0.069338 0.000000
0.028000 -0.000000 -0.032509 -0.076213 0.000000
0.030000 -0.000000 -0.028553 -0.072589 0.000000
0.032000 -0.000000 -0.024633 -0.056702 0.000000
0.034000 -0.000000 -0.021463 -0.056702 0.000000
0.036000 -0.000000 -0.021323 -0.065064 0.000000
0.038000 -0.000000 -0.019630 -0.081218 0.000000
0.040000 -0.000000 -0.019085 -0.098060 0.000000
0.042000 -0.000000 -0.018052 -0.103915 0.000000
0.044000 -0.000000 -0.016457 -0.103915 0.000000
0.046000 -0.000000 -0.016354 -0.106850 0.000000
0.048000 -0.000000 -0.012963 -0.100245 0.000000
0.050000 -0.000000 -0.009037 -0.070728 0.000000
0.052000 -0.000000 -0.004887 -0.070728 0.000000
0.054000 -0.000000 -0.004827 -0.065279 0.000000
0.056000 -0.000000 -0.001719 -0.066768 0.000000
0.058000 -0.000000 0.000156 -0.075855 0.000000
0.060000 -0.000000 0.000747 -0.074235 0.000000
0.062000 -0.000000 0.000543 -0.074235 0.000000
0.064000 -0.000000 0.000545 -0.087846 0.000000
0.066000 -0.000000 0.000092 -0.102900 0.000000
0.068000 -0.000000 -0.000622 -0.083141 0.000000
0.070000 -0.000000 -0.001001 -0.083141 0.000000
0.072000 -0.000000 -0.001000 -0.084605 0.000000
0.074000 -0.000000 -0.001341 -0.088216 0.000000
0.076000 -0.000000 -0.001611 -0.075646 0.000000
0.078000 -0.000000 -0.001667 -0.073495 0.000000
0.080000 -0.000000 -0.001914 -0.073495 0.000000
0.082000 -0.000000 -0.001907 -0.081176 0.000000
0.084000 -0.000000 -0.002197 -0.085150 0.000000
0.086000 -0.000000 -0.002620 -0.079949 0.000000
0.088000 -0.000000 -0.002532 -0.077863 0.000000
0.090000 -0.000000 -0.002099 -0.077863 0.000000
0.092000 -0.000000 -0.002088 -0.078429 0.000000
0.094000 -0.000000 -0.001285 -0.068614 0.000000
0.096000 -0.000000 -0.000223 -0.044454 0.000000
0.098000 -0.000000 0.000950 -0.044454 0.000000
0.100000 -0.000000 0.000952 -0.048704 0.000000
0.102000 -0.000000 0.001996 -0.048847 0.000000
0.104000 -0.000000 0.002713 -0.047914 0.000000
0.106000 -0.000000 0.003025 -0.062784 0.000000
0.108000 -0.000000 0.002798 -0.062784 0.000000
0.110000 -0.000000 0.002781 -0.083784 0.000000
0.112000 -0.000000 0.002263 -0.086329 0.000000
0.114000 -0.000000 0.001956 -0.086607 0.000000
0.116000 -0.000000 0.001452 -0.086607 0.000000
0.118000 -0.000000 0.001438 -0.078304 0.000000
0.120000 -0.000000 0.001010 -0.073082 0.000000
0.122000 -0.000000 0.000388 -0.058793 0.000000
0.124000 -0.000000 -0.000275 -0.046861 0.000000
0.126000 -0.000000 -0.001384 -0.046861 0.000000
0.128000 -0.000000 -0.001385 -0.049529 0.000000
0.130000 -0.000000 -0.002502 -0.046586 0.000000
0.132000 -0.000000 -0.003607 -0.062410 0.000000
0.134000 -0.000000 -0.004911 -0.084777 0.000000
0.136000 -0.000000 -0.006047 -0.084777 0.000000
0.138000 -0.000000 -0.006023 -0.090698 0.000000
0.140000 -0.000000 -0.006671 -0.102577 0.000000
0.142000 -0.000000 -0.007018 -0.115205 0.000000
0.144000 -0.000000 -0.006946 -0.115205 0.000000
0.146000 -0.000000 -0.006908 -0.119784 0.000000
0.148000 -0.000000 -0.006645 -0.115236 0.000000
0.150000 -0.000000 -0.006200 -0.093552 0.000000
0.152000 -0.001534 -0.005339 -0.083319 0.000000
0.154000 -0.001534 -0.004350 -0.083319 0.000000
0.156000 -0.001534 -0.004318 -0.068029 0.000000
0.158000 -0.001534 -0.003001 -0.059021 0.000000
0.160000 -0.001534 -0.001884 -0.043265 0.000000
0.162000 -0.001534 -0.001031 -0.043265 0.000000
0.164000 -0.001534 -0.001018 -0.046109 0.000000
0.166000 -0.001534 -0.000493 -0.057500 0.000000
0.168000 -0.001534 -0.000388 -0.073147 0.000000
0.170000 -0.001534 -0.000751 -0.116465 0.000000
0.172000 -0.001534 -0.002265 -0.116465 0.000000
0.174000 -0.001534 -0.002262 -0.122508 0.000000
0.176000 -0.001534 -0.003806 -0.119516 0.000000
0.178000 -0.001534 -0.004836 -0.081413 0.000000
0.180000 -0.001534 -0.005026 -0.059591 0.000000
0.182000 -0.001534 -0.004912 -0.059591 0.000000
0.184000 -0.001534 -0.004887 -0.053238 0.000000
0.186000 -0.001534 -0.004549 -0.048576 0.000000
0.188000 -0.001534 -0.004226 -0.075560 0.000000
0.190000 -0.003068 -0.005028 -0.075560 0.000000
0.192000 -0.003068 -0.005003 -0.096065 0.000000
0.194000 -0.003068 -0.005674 -0.135140 0.000000
0.196000 -0.003068 -0.006152 -0.130668 0.000000
0.198000 -0.003068 -0.005909 -0.122444 0.000000
0.200000 -0.003068 -0.005169 -0.122444 0.000000
0.202000 -0.003068 -0.005136 -0.083723 0.000000
0.204000 -0.003068 -0.003458 -0.025916 0.000000
0.206000 -0.003068 -0.001255 -0.030612 0.000000
0.208000 -0.003068 0.000154 -0.030612 0.000000
0.210000 -0.003068 0.000166 -0.016165 0.000000
0.212000 -0.003068 0.000367 -0.049673 0.000000
0.214000 -0.003068 -0.001152 -0.096730 0.000000
0.216000 -0.003068 -0.003580 -0.106592 0.000000
0.218000 -0.003068 -0.005587 -0.106592 0.000000
0.220000 -0.003068 -0.005573 -0.141448 0.000000
0.222000 -0.003068 -0.006854 -0.111905 0.000000
0.224000 -0.003068 -0.006705 -0.020520 0.000000
0.226000 -0.003068 -0.005417 -0.047915 0.000000
0.228000 -0.003068 -0.004557 -0.047915 0.000000
0.230000 -0.004602 -0.004524 -0.033819 0.000000
0.232000 -0.004602 -0.004330 -0.026000 0.000000
0.234000 -0.004602 -0.005329 -0.137021 0.000000
0.236000 -0.004602 -0.008882 -0.137021 0.000000
0.238000 -0.004602 -0.008849 -0.135854 0.000000
0.240000 -0.004602 -0.012064 -0.113410 0.000000
0.242000 -0.004602 -0.013719 -0.118145 0.000000
0.244000 -0.004602 -0.012128 -0.105501 0.000000
0.246000 -0.004602 -0.009609 -0.105501 0.000000
0.248000 -0.004602 -0.009542 -0.074787 0.000000
0.250000 -0.004602 -0.006439 -0.055112 0.000000
0.252000 -0.006136 -0.004004 -0.031061 0.000000
0.254000 -0.006136 -0.003302 -0.031061 0.000000
0.256000 -0.006136 -0.003270 -0.047481 0.000000
0.258000 -0.006136 -0.002848 -0.055245 0.000000
0.260000 -0.006136 -0.002570 -0.094252 0.000000
0.262000 -0.006136 -0.002928 -0.107204 0.000000
0.264000 -0.006136 -0.002999 -0.107204 0.000000
0.266000 -0.006136 -0.002985 -0.102405 0.000000
0.268000 -0.006136 -0.002939 -0.086449 0.000000
0.270000 -0.006136 -0.003401 -0.025412 0.000000
0.272000 -0.006136 -0.002801 -0.025412 0.000000
0.274000 -0.006136 -0.002786 -0.021448 0.000000
0.276000 -0.007670 -0.001664 -0.033761 0.000000
0.278000 -0.007670 -0.000245 -0.087791 0.000000
0.280000 -0.007670 -0.000489 -0.114957 0.000000
0.282000 -0.007670 -0.001089 -0.114957 0.000000
0.284000 -0.007670 -0.001087 -0.129477 0.000000
0.286000 -0.007670 -0.002471 -0.127686 0.000000
0.288000 -0.007670 -0.003784 -0.066623 0.000000
0.290000 -0.009204 -0.002791 -0.066596 0.000000
0.292000 -0.009204 -0.000997 -0.066596 0.000000
0.294000 -0.009204 -0.000986 -0.069399 0.000000
0.296000 -0.009204 0.000548 -0.080414 0.000000
0.298000 -0.009204 0.000533 -0.089691 0.000000
0.300000 -0.009204 -0.000082 -0.089691 0.000000
0.302000 -0.009204 -0.000085 -0.068631 0.000000
0.304000 -0.009204 -0.000692 -0.046409 0.000000
0.306000 -0.009204 -0.000580 -0.062434 0.000000
0.308000 -0.009204 0.000613 -0.090396 0.000000
0.310000 -0.010738 0.001153 -0.090396 0.000000
0.312000 -0.010738 0.001148 -0.109691 0.000000
0.314000 -0.010738 0.001115 -0.122062 0.000000
0.316000 -0.010738 0.000177 -0.056271 0.000000
0.318000 -0.010738 -0.000631 -0.056271 0.000000
0.320000 -0.010738 -0.000635 -0.035936 0.000000
0.322000 -0.010738 -0.001532 -0.013417 0.000000
0.324000 -0.010738 -0.002094 -0.056116 0.000000
0.326000 -0.010738 -0.004977 -0.078327 0.000000
0.328000 -0.012272 -0.007414 -0.078327 0.000000
0.330000 -0.012272 -0.007392 -0.128339 0.000000
0.332000 -0.012272 -0.009736 -0.158747 0.000000
0.334000 -0.012272 -0.012019 -0.139121 0.000000
0.336000 -0.012272 -0.011049 -0.139121 0.000000
0.338000 -0.012272 -0.010989 -0.115209 0.000000
0.340000 -0.013806 -0.008852 -0.078986 0.000000
0.342000 -0.013806 -0.006129 -0.049885 0.000000
0.344000 -0.013806 -0.005115 -0.039880 0.000000
0.346000 -0.013806 -0.004041 -0.039880 0.000000
0.348000 -0.013806 -0.004007 -0.082675 0.000000
0.350000 -0.013806 -0.004743 -0.078922 0.000000
0.352000 -0.015340 -0.005019 -0.146489 0.000000
0.354000 -0.015340 -0.004747 -0.152406 0.000000
0.356000 -0.015340 -0.004238 -0.152406 0.000000
0.358000 -0.015340 -0.004213 -0.106271 0.000000
0.360000 -0.015340 -0.002187 -0.026978 0.000000
0.362000 -0.015340 0.001583 0.006851 0.000000
0.364000 -0.015340 0.003868 0.006851 0.000000
0.366000 -0.016874 0.003864 -0.049655 0.000000
0.368000 -0.016874 0.003410 -0.051899 0.000000
0.370000 -0.016874 0.001559 -0.145263 0.000000
0.372000 -0.016874 -0.001594 -0.131360 0.000000
0.374000 -0.016874 -0.003048 -0.131360 0.000000
0.376000 -0.016874 -0.003049 -0.103615 0.000000
0.378000 -0.016874 -0.002445 -0.070218 0.000000
0.380000 -0.016874 -0.002353 -0.048250 0.000000
0.382000 -0.016874 -0.003524 -0.048250 0.000000
0.384000 -0.018408 -0.003512 -0.067431 0.000000
0.386000 -0.018408 -0.006385 -0.043833 0.000000
0.388000 -0.018408 -0.007521 -0.083027 0.000000
0.390000 -0.018408 -0.006417 -0.114305 0.000000
0.392000 -0.018408 -0.005212 -0.114305 0.000000
0.394000 -0.019942 -0.005179 -0.109492 0.000000
0.396000 -0.019942 -0.004269 -0.104854 0.000000
0.398000 -0.019942 -0.004211 -0.043803 0.000000
0.400000 -0.019942 -0.004015 -0.043803 0.000000
0.402000 -0.019942 -0.003992 -0.058243 0.000000
0.404000 -0.019942 -0.002569 -0.049986 0.000000
0.406000 -0.019942 0.000006 -0.080316 0.000000
0.408000 -0.021476 0.001170 -0.082659 0.000000
0.410000 -0.021476 0.000265 -0.082659 0.000000
0.412000 -0.021476 0.000264 -0.060641 0.000000
0.414000 -0.021476 -0.002255 -0.055957 0.000000
0.416000 -0.021476 -0.004240 -0.073868 0.000000
0.418000 -0.021476 -0.003595 -0.082086 0.000000
0.420000 -0.021476 -0.002522 -0.082086 0.000000
0.422000 -0.021476 -0.002507 -0.108102 0.000000
0.424000 -0.021476 -0.001977 -0.064896 0.000000
0.426000 -0.021476 -0.003738 -0.061852 0.000000
0.428000 -0.023010 -0.005190 -0.061852 0.000000
0.430000 -0.023010 -0.005172 -0.069038 0.000000
0.432000 -0.023010 -0.006125 -0.065665 0.000000
0.434000 -0.023010 -0.005360 -0.087533 0.000000
0.436000 -0.023010 -0.005984 -0.077717 0.000000
0.438000 -0.023010 -0.007439 -0.077717 0.000000
0.440000 -0.024544 -0.007405 -0.099065 0.000000
0.442000 -0.024544 -0.009266 -0.127329 0.000000
0.444000 -0.024544 -0.007913 -0.126813 0.000000
0.446000 -0.024544 -0.004792 -0.126813 0.000000
0.448000 -0.024544 -0.004750 -0.115866 0.000000
0.450000 -0.024544 -0.001633 -0.085726 0.000000
0.452000 -0.024544 -0.000494 -0.032116 0.000000
0.454000 -0.024544 0.000649 -0.066952 0.000000
0.456000 -0.026078 0.002762 -0.066952 0.000000
0.458000 -0.026078 0.002759 -0.086633 0.000000
0.460000 -0.026078 0.005365 -0.093797 0.000000
0.462000 -0.026078 0.004950 -0.072871 0.000000
0.464000 -0.026078 0.002405 -0.072871 0.000000
0.466000 -0.026078 0.002378 -0.084115 0.000000
0.468000 -0.027612 -0.000613 -0.097510 0.000000
0.470000 -0.027612 -0.001822 -0.095195 0.000000
0.472000 -0.027612 0.001414 -0.054589 0.000000
0.474000 -0.027612 0.003808 -0.054589 0.000000
0.476000 -0.027612 0.003800 -0.038961 0.000000
0.478000 -0.027612 0.002675 -0.058263 0.000000
0.480000 -0.027612 -0.001936 -0.119074 0.000000
0.482000 -0.027612 -0.003862 -0.119074 0.000000
0.484000 -0.027612 -0.003861 -0.152875 0.000000
0.486000 -0.027612 -0.003241 -0.152458 0.000000
0.488000 -0.027612 -0.002159 -0.101365 0.000000
0.490000 -0.027612 -0.003511 -0.077940 0.000000
0.492000 -0.029146 -0.004818 -0.077940 0.000000
0.494000 -0.029146 -0.004799 -0.082686 0.000000
0.496000 -0.029146 -0.005123 -0.076167 0.000000
0.498000 -0.029146 -0.003841 -0.058283 0.000000
0.500000 -0.029146 -0.003552 -0.075159 0.000000
0.502000 -0.029146 -0.004979 -0.075159 0.000000
0.504000 -0.029146 -0.004955 -0.095433 0.000000
0.506000 -0.030680 -0.006771 -0.160071 0.000000
0.508000 -0.030680 -0.004713 -0.147870 0.000000
0.510000 -0.030680 -0.001495 -0.147870 0.000000
0.512000 -0.030680 -0.001469 -0.083398 0.000000
0.514000 -0.030680 0.000927 -0.039417 0.000000
0.516000 -0.030680 0.000872 -0.078254 0.000000
0.518000 -0.030680 -0.001207 -0.090173 0.000000
0.520000 -0.030680 -0.001852 -0.090173 0.000000
0.522000 -0.030680 -0.001848 -0.114067 0.000000
0.524000 -0.032214 -0.002025 -0.086370 0.000000
0.526000 -0.032214 -0.005080 -0.070868 0.000000
0.528000 -0.032214 -0.008448 -0.070868 0.000000
0.530000 -0.032214 -0.008423 -0.105864 0.000000
0.532000 -0.032214 -0.010473 -0.104707 0.000000
0.534000 -0.032214 -0.009471 -0.086259 0.000000
0.536000 -0.032214 -0.006609 -0.066427 0.000000
0.538000 -0.032214 -0.006466 -0.066427 0.000000
0.540000 -0.032214 -0.006420 -0.068099 0.000000
0.542000 -0.032214 -0.008095 -0.131933 0.000000
0.544000 -0.033748 -0.007518 -0.132696 0.000000
0.546000 -0.033748 -0.005551 -0.081806 0.000000
0.548000 -0.033748 -0.003731 -0.081806 0.000000
0.550000 -0.033748 -0.003696 -0.046093 0.000000
0.552000 -0.033748 -0.003541 -0.089107 0.000000
0.554000 -0.033748 -0.005132 -0.129025 0.000000
0.556000 -0.033748 -0.004896 -0.129025 0.000000
0.558000 -0.033748 -0.004868 -0.137066 0.000000
0.560000 -0.033748 -0.002375 -0.057590 0.000000
0.562000 -0.033748 -0.001346 -0.031973 0.000000
0.564000 -0.033748 -0.002533 -0.044757 0.000000
0.566000 -0.033748 -0.003648 -0.044757 0.000000
0.568000 -0.035282 -0.003632 -0.078109 0.000000
0.570000 -0.035282 -0.002740 -0.073899 0.000000
0.572000 -0.035282 -0.000118 -0.053316 0.000000
0.574000 -0.035282 -0.000685 -0.053316 0.000000
0.576000 -0.035282 -0.000676 -0.070924 0.000000
0.578000 -0.035282 -0.004862 -0.088478 0.000000
0.580000 -0.035282 -0.009055 -0.123811 0.000000
0.582000 -0.035282 -0.007154 -0.074498 0.000000
0.584000 -0.035282 -0.004102 -0.074498 0.000000
0.586000 -0.035282 -0.004064 -0.029437 0.000000
0.588000 -0.035282 -0.002872 -0.034662 0.000000
0.590000 -0.035282 -0.006807 -0.138683 0.000000
0.592000 -0.035282 -0.009137 -0.138683 0.000000
0.594000 -0.036816 -0.009099 -0.161649 0.000000
0.596000 -0.036816 -0.007698 -0.145397 0.000000
0.598000 -0.036816 -0.004730 -0.060611 0.000000
0.600000 -0.036816 -0.005080 -0.051000 0.000000
0.602000 -0.036816 -0.006627 -0.051000 0.000000
0.604000 -0.036816 -0.006590 -0.104948 0.000000
0.606000 -0.036816 -0.006781 -0.086088 0.000000
0.608000 -0.036816 -0.003555 -0.055524 0.000000
0.610000 -0.036816 -0.002662 -0.045020 0.000000
0.612000 -0.036816 -0.004781 -0.045020 0.000000
0.614000 -0.036816 -0.004755 -0.075050 0.000000
0.616000 -0.036816 -0.009017 -0.158134 0.000000
0.618000 -0.036816 -0.007319 -0.137453 0.000000
0.620000 -0.036816 -0.004113 -0.137453 0.000000
0.622000 -0.036816 -0.004072 -0.078225 0.000000
0.624000 -0.036816 -0.001391 -0.032932 0.000000
0.626000 -0.036816 -0.004440 -0.100204 0.000000
0.628000 -0.036816 -0.006205 -0.127210 0.000000
0.630000 -0.036816 -0.004967 -0.127210 0.000000
0.632000 -0.036816 -0.004934 -0.135206 0.000000
0.634000 -0.036816 -0.002840 -0.050507 0.000000
0.636000 -0.036816 -0.005356 -0.074586 0.000000
0.638000 -0.036816 -0.010117 -0.074586 0.000000
0.640000 -0.036816 -0.010080 -0.141741 0.000000
0.642000 -0.038350 -0.013737 -0.155433 0.000000
0.644000 -0.038350 -0.009760 -0.081690 0.000000
0.646000 -0.038350 -0.005822 -0.045439 0.000000
0.648000 -0.036816 -0.005366 -0.045439 0.000000
0.650000 -0.036816 -0.005317 -0.042469 0.000000
0.652000 -0.036816 -0.007804 -0.145228 0.000000
0.654000 -0.038350 -0.006687 -0.154054 0.000000
0.656000 -0.038350 -0.003437 -0.154054 0.000000
0.658000 -0.038350 -0.003397 -0.087126 0.000000
0.660000 -0.038350 -0.000651 -0.036666 0.000000
0.662000 -0.038350 -0.001392 -0.103161 0.000000
0.664000 -0.038350 -0.005122 -0.136322 0.000000
0.666000 -0.038350 -0.005529 -0.136322 0.000000
0.668000 -0.038350 -0.005502 -0.138873 0.000000
0.670000 -0.038350 -0.003120 -0.028804 0.000000
0.672000 -0.038350 -0.003732 -0.026091 0.000000
0.674000 -0.038350 -0.007747 -0.075172 0.000000
0.676000 -0.038350 -0.012493 -0.075172 0.000000
0.678000 -0.038350 -0.012446 -0.139206 0.000000
0.680000 -0.038350 -0.012889 -0.097064 0.000000
0.682000 -0.038350 -0.008931 -0.045456 0.000000
0.684000 -0.038350 -0.007624 -0.045456 0.000000
0.686000 -0.038350 -0.007560 -0.045616 0.000000
0.688000 -0.038350 -0.011086 -0.148591 0.000000
0.690000 -0.038350 -0.013102 -0.157747 0.000000
0.692000 -0.038350 -0.011078 -0.106330 0.000000
0.694000 -0.038350 -0.007729 -0.106330 0.000000
0.696000 -0.038350 -0.007660 -0.047665 0.000000
0.698000 -0.038350 -0.006151 -0.042361 0.000000
0.700000 -0.036816 -0.010842 -0.130054 0.000000
0.702000 -0.038350 -0.012870 -0.130054 0.000000
0.704000 -0.038350 -0.012806 -0.157389 0.000000
0.706000 -0.038350 -0.010583 -0.070751 0.000000
0.708000 -0.038350 -0.007366 -0.047426 0.000000
0.710000 -0.038350 -0.008575 -0.069289 0.000000
0.712000 -0.038350 -0.011994 -0.069289 0.000000
0.714000 -0.038350 -0.011930 -0.134198 0.000000
0.716000 -0.038350 -0.013305 -0.093643 0.000000
0.718000 -0.038350 -0.007957 -0.013623 0.000000
0.720000 -0.038350 -0.004810 -0.013623 0.000000
0.722000 -0.036816 -0.004750 0.006737 0.000000
0.724000 -0.036816 -0.006737 -0.029699 0.000000
0.726000 -0.036816 -0.012324 -0.172857 0.000000
0.728000 -0.038350 -0.011331 -0.154315 0.000000
0.730000 -0.038350 -0.008002 -0.154315 0.000000
0.732000 -0.038350 -0.007937 -0.070547 0.000000
0.734000 -0.036816 -0.004525 -0.014153 0.000000
0.736000 -0.036816 -0.009108 -0.082099 0.000000
0.738000 -0.036816 -0.011934 -0.131772 0.000000
0.740000 -0.036816 -0.010389 -0.131772 0.000000
0.742000 -0.036816 -0.010323 -0.130921 0.000000
0.744000 -0.036816 -0.006602 -0.034014 0.000000
0.746000 -0.036816 -0.007483 -0.055502 0.000000
0.748000 -0.036816 -0.012846 -0.055502 0.000000
0.750000 -0.036816 -0.012786 -0.128591 0.000000
0.752000 -0.036816 -0.017984 -0.149730 0.000000
0.754000 -0.036816 -0.012468 -0.063209 0.000000
0.756000 -0.036816 -0.006951 -0.006363 0.000000
0.758000 -0.036816 -0.004854 -0.006363 0.000000
0.760000 -0.035282 -0.004792 0.005879 0.000000
0.762000 -0.035282 -0.007823 -0.157502 0.000000
0.764000 -0.036816 -0.009217 -0.171046 0.000000
0.766000 -0.036816 -0.005647 -0.171046 0.000000
0.768000 -0.036816 -0.005594 -0.097224 0.000000
0.770000 -0.035282 -0.001698 0.003072 0.000000
0.772000 -0.035282 -0.005728 -0.056256 0.000000
0.774000 -0.035282 -0.011790 -0.131356 0.000000
0.776000 -0.035282 -0.013583 -0.131356 0.000000
0.778000 -0.035282 -0.013519 -0.151552 0.000000
0.780000 -0.035282 -0.010281 -0.039034 0.000000
0.782000 -0.035282 -0.008428 -0.014000 0.000000
0.784000 -0.035282 -0.011714 -0.014000 0.000000
0.786000 -0.033748 -0.011644 -0.064959 0.000000
0.788000 -0.033748 -0.019594 -0.171719 0.000000
0.790000 -0.035282 -0.015894 -0.118418 0.000000
0.792000 -0.035282 -0.010589 -0.043181 0.000000
0.794000 -0.035282 -0.006536 -0.043181 0.000000
0.796000 -0.033748 -0.006457 -0.016708 0.000000
0.798000 -0.033748 -0.008175 -0.138046 0.000000
0.800000 -0.033748 -0.014026 -0.187030 0.000000
0.802000 -0.033748 -0.012324 -0.146137 0.000000
0.804000 -0.033748 -0.007649 -0.146137 0.000000
0.806000 -0.033748 -0.007575 -0.051191 0.000000
0.808000 -0.033748 -0.003119 -0.003164 0.000000
0.810000 -0.032214 -0.008908 -0.094506 0.000000
0.812000 -0.032214 -0.014676 -0.094506 0.000000
0.814000 -0.033748 -0.014614 -0.170583 0.000000
0.816000 -0.033748 -0.013539 -0.076625 0.000000
0.818000 -0.033748 -0.008009 -0.022238 0.000000
0.820000 -0.032214 -0.006796 -0.003424 0.000000
0.822000 -0.032214 -0.011276 -0.003424 0.000000
0.824000 -0.032214 -0.011212 -0.083519 0.000000
0.826000 -0.032214 -0.018175 -0.135673 0.000000
0.828000 -0.032214 -0.013116 -0.056672 0.000000
0.830000 -0.032214 -0.008096 -0.056672 0.000000
0.832000 -0.032214 -0.008011 0.002029 0.000000
0.834000 -0.030680 -0.006278 -0.070475 0.000000
0.836000 -0.030680 -0.015650 -0.167527 0.000000
0.838000 -0.030680 -0.019337 -0.183139 0.000000
0.840000 -0.030680 -0.016153 -0.183139 0.000000
0.842000 -0.030680 -0.016049 -0.113489 0.000000
0.844000 -0.030680 -0.010707 0.012210 0.000000
0.846000 -0.029146 -0.012420 -0.026796 0.000000
0.848000 -0.029146 -0.018838 -0.116491 0.000000
0.850000 -0.029146 -0.021448 -0.116491 0.000000
0.852000 -0.030680 -0.021335 -0.115152 0.000000
0.854000 -0.030680 -0.013938 -0.041765 0.000000
0.856000 -0.029146 -0.008856 0.002983 0.000000
0.858000 -0.029146 -0.009384 0.002983 0.000000
0.860000 -0.027612 -0.009301 -0.025232 0.000000
0.862000 -0.027612 -0.016564 -0.173229 0.000000
0.864000 -0.029146 -0.014554 -0.128804 0.000000
0.866000 -0.029146 -0.008616 -0.044968 0.000000
0.868000 -0.027612 -0.003303 -0.044968 0.000000
0.870000 -0.027612 -0.003235 0.022177 0.000000
0.872000 -0.026078 -0.002548 -0.062927 0.000000
0.874000 -0.026078 -0.011478 -0.156964 0.000000
0.876000 -0.027612 -0.013599 -0.156964 0.000000
0.878000 -0.027612 -0.013535 -0.149562 0.000000
0.880000 -0.027612 -0.009792 -0.013317 0.000000
0.882000 -0.026078 -0.008116 0.018530 0.000000
0.884000 -0.024544 -0.012654 -0.064118 0.000000
0.886000 -0.024544 -0.020483 -0.064118 0.000000
0.888000 -0.024544 -0.020394 -0.139763 0.000000
0.890000 -0.026078 -0.022445 -0.084782 0.000000
0.892000 -0.026078 -0.015623 -0.016378 0.000000
0.894000 -0.024544 -0.011506 -0.016378 0.000000
0.896000 -0.024544 -0.011395 0.018634 0.000000
0.898000 -0.023010 -0.013948 -0.139144 0.000000
0.900000 -0.023010 -0.020541 -0.178738 0.000000
0.902000 -0.024544 -0.017351 -0.122168 0.000000
0.904000 -0.024544 -0.010452 -0.122168 0.000000
0.906000 -0.023010 -0.010345 -0.039820 0.000000
0.908000 -0.021476 -0.004925 0.011671 0.000000
0.910000 -0.021476 -0.011362 -0.089137 0.000000
0.912000 -0.021476 -0.019212 -0.163264 0.000000
0.914000 -0.021476 -0.017911 -0.163264 0.000000
0.916000 -0.021476 -0.017806 -0.057972 0.000000
0.918000 -0.021476 -0.010764 0.014964 0.000000
0.920000 -0.019942 -0.008521 0.038539 0.000000
0.922000 -0.019942 -0.013368 0.038539 0.000000
0.924000 -0.019942 -0.013286 -0.052871 0.000000
0.926000 -0.019942 -0.021967 -0.146099 0.000000
0.928000 -0.019942 -0.016136 -0.073509 0.000000
0.930000 -0.019942 -0.009879 -0.006744 0.000000
0.932000 -0.018408 -0.006620 -0.006744 0.000000
0.934000 -0.018408 -0.006536 -0.027203 0.000000
0.936000 -0.018408 -0.017184 -0.121429 0.000000
0.938000 -0.018408 -0.022061 -0.155590 0.000000
0.940000 -0.018408 -0.018221 -0.155590 0.000000
0.942000 -0.018408 -0.018101 -0.092433 0.000000
0.944000 -0.016874 -0.010988 0.029838 0.000000
0.946000 -0.015340 -0.011407 0.005652 0.000000
0.948000 -0.015340 -0.018531 -0.116674 0.000000
0.950000 -0.015340 -0.026818 -0.116674 0.000000
0.952000 -0.015340 -0.026695 -0.181692 0.000000
0.954000 -0.015340 -0.024418 -0.058403 0.000000
0.956000 -0.015340 -0.016324 0.025242 0.000000
0.958000 -0.013806 -0.012495 0.050180 0.000000
0.960000 -0.013806 -0.016173 0.050180 0.000000
0.962000 -0.013806 -0.016061 -0.130454 0.000000
0.964000 -0.013806 -0.017048 -0.138750 0.000000
0.966000 -0.013806 -0.011369 -0.074519 0.000000
0.968000 -0.013806 -0.005046 -0.074519 0.000000
0.970000 -0.012272 -0.004960 -0.007432 0.000000
0.972000 -0.010738 -0.002122 -0.023737 0.000000
0.974000 -0.010738 -0.014102 -0.120888 0.000000
0.976000 -0.010738 -0.019205 -0.143511 0.000000
0.978000 -0.010738 -0.015010 -0.143511 0.000000
0.980000 -0.010738 -0.014909 -0.011671 0.000000
0.982000 -0.009204 -0.009156 0.055441 0.000000
0.984000 -0.009204 -0.009821 0.032928 0.000000
0.986000 -0.007670 -0.017881 0.032928 0.000000
0.988000 -0.007670 -0.017792 -0.094011 0.000000
0.990000 -0.007670 -0.028073 -0.134705 0.000000
0.992000 -0.007670 -0.020429 -0.057321 0.000000
0.994000 -0.007670 -0.013139 0.025586 0.000000
0.996000 -0.006136 -0.010008 0.025586 0.000000
0.998000 -0.004602 -0.009898 -0.036066 0.000000
1.000000 -0.004602 -0.020717 -0.114411 0.000000
1.002000 -0.004602 -0.022005 -0.136947 0.000000
1.004000 -0.004602 -0.015590 -0.136947 0.000000
1.006000 -0.004602 -0.015464 -0.074933 0.000000
1.008000 -0.003068 -0.008205 0.047190 0.000000
1.010000 -0.003068 -0.011221 0.008432 0.000000
1.012000 -0.003068 -0.021857 -0.098004 0.000000
1.014000 -0.003068 -0.026130 -0.098004 0.000000
1.016000 -0.003068 -0.026000 -0.147573 0.000000
1.018000 -0.001534 -0.019812 -0.019619 0.000000
1.020000 -0.001534 -0.011020 0.061950 0.000000
1.022000 -0.000000 -0.009323 0.069771 0.000000
1.024000 -0.000000 -0.016012 0.069771 0.000000
1.026000 -0.000000 -0.015914 -0.119083 0.000000
1.028000 -0.000000 -0.016681 -0.109160 0.000000
1.030000 -0.000000 -0.010361 -0.040530 0.000000
1.032000 0.001534 -0.004118 -0.040530 0.000000
1.034000 0.003068 -0.004035 0.042111 0.000000
1.036000 0.003068 -0.001905 0.000077 0.000000
1.038000 0.003068 -0.014461 -0.100438 0.000000
1.040000 0.003068 -0.019165 -0.131476 0.000000
1.042000 0.003068 -0.014265 -0.131476 0.000000
1.044000 0.004602 -0.014163 0.000915 0.000000
1.046000 0.006136 -0.008601 0.079788 0.000000
1.048000 0.006136 -0.009839 0.058290 0.000000
1.050000 0.007670 -0.019949 0.058290 0.000000
1.052000 0.007670 -0.019857 -0.054850 0.000000
1.054000 0.007670 -0.030132 -0.104536 0.000000
1.056000 0.007670 -0.021030 -0.034016 0.000000
1.058000 0.009204 -0.013038 0.056292 0.000000
1.060000 0.009204 -0.010230 0.056292 0.000000
1.062000 0.010738 -0.010116 -0.025799 0.000000
1.064000 0.010738 -0.023664 -0.094086 0.000000
1.066000 0.010738 -0.024527 -0.124174 0.000000
1.068000 0.010738 -0.017255 -0.124174 0.000000
1.070000 0.012272 -0.017115 -0.053340 0.000000
1.072000 0.013806 -0.008439 0.096554 0.000000
1.074000 0.013806 -0.010779 0.048031 0.000000
1.076000 0.013806 -0.021340 -0.060944 0.000000
1.078000 0.013806 -0.026599 -0.060944 0.000000
1.080000 0.013806 -0.026467 -0.097747 0.000000
1.082000 0.015340 -0.017402 -0.024176 0.000000
1.084000 0.016874 -0.010191 0.066286 0.000000
1.086000 0.016874 -0.008941 0.074641 0.000000
1.088000 0.018408 -0.016691 0.074641 0.000000
1.090000 0.018408 -0.016594 -0.099332 0.000000
1.092000 0.018408 -0.016177 -0.111030 0.000000
1.094000 0.018408 -0.009824 -0.046518 0.000000
1.096000 0.019942 -0.003272 -0.046518 0.000000
1.098000 0.021476 -0.003190 0.039963 0.000000
1.100000 0.021476 -0.000338 0.008634 0.000000
1.102000 0.021476 -0.014381 -0.076928 0.000000
1.104000 0.021476 -0.019696 -0.124444 0.000000
1.106000 0.021476 -0.014628 -0.124444 0.000000
1.108000 0.023010 -0.014523 -0.002204 0.000000
1.110000 0.024544 -0.006502 0.088334 0.000000
1.112000 0.024544 -0.005556 0.101550 0.000000
1.114000 0.026078 -0.015145 0.101550 0.000000
1.116000 0.026078 -0.015069 -0.009708 0.000000
1.118000 0.026078 -0.027152 -0.109273 0.000000
1.120000 0.026078 -0.018760 -0.037660 0.000000
1.122000 0.027612 -0.010018 0.055193 0.000000
1.124000 0.029146 -0.006156 0.055193 0.000000
1.126000 0.029146 -0.006059 0.033708 0.000000
1.128000 0.029146 -0.020834 -0.045656 0.000000
1.130000 0.029146 -0.024239 -0.098059 0.000000
1.132000 0.030680 -0.017378 -0.098059 0.000000
1.134000 0.030680 -0.017245 -0.057887 0.000000
1.136000 0.032214 -0.008626 0.109939 0.000000
1.138000 0.033748 -0.009003 0.088901 0.000000
1.140000 0.033748 -0.018582 0.000234 0.000000
1.142000 0.033748 -0.032401 0.000234 0.000000
1.144000 0.033748 -0.032269 -0.095537 0.000000
1.146000 0.033748 -0.023023 -0.022763 0.000000
1.148000 0.035282 -0.014440 0.077337 0.000000
1.150000 0.036816 -0.009816 0.110440 0.000000
1.152000 0.038350 -0.014660 0.110440 0.000000
1.154000 0.038350 -0.014550 -0.057139 0.000000
1.156000 0.038350 -0.019586 -0.104866 0.000000
1.158000 0.038350 -0.014142 -0.057216 0.000000
1.160000 0.039884 -0.006770 -0.057216 0.000000
1.162000 0.041417 -0.006668 0.115401 0.000000
1.164000 0.041417 -0.007710 0.106187 0.000000
1.166000 0.042951 -0.019703 0.020297 0.000000
1.168000 0.042951 -0.027259 -0.075425 0.000000
1.170000 0.042951 -0.023287 -0.075425 0.000000
1.172000 0.042951 -0.023138 -0.017538 0.000000
1.174000 0.044485 -0.013568 0.089889 0.000000
1.176000 0.046019 -0.009112 0.118181 0.000000
1.178000 0.046019 -0.014133 0.118181 0.000000
1.180000 0.047553 -0.014030 0.066256 0.000000
1.182000 0.047553 -0.028409 -0.086011 0.000000
1.184000 0.047553 -0.023051 -0.046738 0.000000
1.186000 0.049087 -0.014259 0.050421 0.000000
1.188000 0.050621 -0.007118 0.050421 0.000000
1.190000 0.050621 -0.007002 0.094211 0.000000
1.192000 0.052155 -0.017244 0.026554 0.000000
1.194000 0.052155 -0.029124 -0.066876 0.000000
1.196000 0.052155 -0.025176 -0.092386 0.000000
1.198000 0.052155 -0.017390 -0.092386 0.000000
1.200000 0.053689 -0.017237 0.100786 0.000000
1.202000 0.055223 -0.010852 0.144603 0.000000
1.204000 0.055223 -0.016348 0.087899 0.000000
1.206000 0.056757 -0.026193 0.087899 0.000000
1.208000 0.056757 -0.026064 -0.090781 0.000000
1.210000 0.056757 -0.018010 -0.036287 0.000000
1.212000 0.058291 -0.008276 0.047473 0.000000
1.214000 0.059825 -0.001502 0.119922 0.000000
1.216000 0.059825 -0.002907 0.119922 0.000000
1.218000 0.061359 -0.002845 0.045119 0.000000
1.220000 0.061359 -0.017736 -0.050812 0.000000
1.222000 0.061359 -0.014839 -0.068192 0.000000
1.224000 0.062893 -0.007292 -0.068192 0.000000
1.226000 0.064427 -0.007202 0.109725 0.000000
1.228000 0.064427 -0.002371 0.145288 0.000000
1.230000 0.065961 -0.007860 0.101620 0.000000
1.232000 0.065961 -0.019979 -0.010070 0.000000
1.234000 0.065961 -0.024661 -0.010070 0.000000
1.236000 0.067495 -0.024544 -0.044723 0.000000
1.238000 0.067495 -0.015470 0.050389 0.000000
1.240000 0.069029 -0.007536 0.138541 0.000000
1.242000 0.070563 -0.007017 0.138541 0.000000
1.244000 0.070563 -0.006925 0.138338 0.000000
1.246000 0.072097 -0.017263 -0.046922 0.000000
1.248000 0.072097 -0.015842 -0.066913 0.000000
1.250000 0.072097 -0.009798 -0.000320 0.000000
1.252000 0.073631 -0.002956 -0.000320 0.000000
1.254000 0.075165 -0.002873 0.142607 0.000000
1.256000 0.076699 -0.009568 0.100888 0.000000
1.258000 0.076699 -0.022321 0.001687 0.000000
1.260000 0.076699 -0.026216 -0.066776 0.000000
1.262000 0.076699 -0.020526 -0.066776 0.000000
1.264000 0.078233 -0.020380 0.045263 0.000000
1.266000 0.079767 -0.011532 0.146939 0.000000
1.268000 0.081301 -0.009596 0.151199 0.000000
1.270000 0.081301 -0.017666 0.151199 0.000000
1.272000 0.081301 -0.017560 -0.023824 0.000000
1.274000 0.082835 -0.017269 -0.065803 0.000000
1.276000 0.082835 -0.010911 0.002718 0.000000
1.278000 0.084369 -0.002724 0.106365 0.000000
1.280000 0.085903 0.001460 0.106365 0.000000
1.282000 0.085903 0.001519 0.124710 0.000000
1.284000 0.087437 -0.012752 0.032286 0.000000
1.286000 0.087437 -0.019605 -0.037562 0.000000
1.288000 0.088971 -0.016369 -0.037562 0.000000
1.290000 0.088971 -0.016264 0.045888 0.000000
1.292000 0.090505 -0.008605 0.149800 0.000000
1.294000 0.092039 -0.007322 0.167118 0.000000
1.296000 0.092039 -0.015924 0.094139 0.000000
1.298000 0.092039 -0.027124 0.094139 0.000000
1.300000 0.093573 -0.027004 -0.052864 0.000000
1.302000 0.093573 -0.019504 0.007836 0.000000
1.304000 0.095107 -0.010389 0.101714 0.000000
1.306000 0.096641 -0.005010 0.156814 0.000000
1.308000 0.096641 -0.007463 0.156814 0.000000
1.310000 0.098175 -0.007381 0.062450 0.000000
1.312000 0.098175 -0.016766 -0.013873 0.000000
1.314000 0.099709 -0.015551 -0.037370 0.000000
1.316000 0.099709 -0.008054 -0.037370 0.000000
1.318000 0.101243 -0.007956 0.161059 0.000000
1.320000 0.102777 -0.004356 0.178549 0.000000
1.322000 0.102777 -0.011986 0.130916 0.000000
1.324000 0.104311 -0.024010 0.025547 0.000000
1.326000 0.104311 -0.025125 0.025547 0.000000
1.328000 0.105845 -0.024989 0.002043 0.000000
1.330000 0.105845 -0.015018 0.102304 0.000000
1.332000 0.107379 -0.007570 0.180107 0.000000
1.334000 0.108913 -0.008840 0.180107 0.000000
1.336000 0.108913 -0.008743 0.092118 0.000000
1.338000 0.110447 -0.021112 0.011573 0.000000
1.340000 0.110447 -0.019550 -0.013619 0.000000
1.342000 0.111981 -0.012339 0.055533 0.000000
1.344000 0.113515 -0.004818 0.055533 0.000000
1.346000 0.113515 -0.004718 0.173030 0.000000
1.348000 0.115049 -0.011440 0.143843 0.000000
1.350000 0.115049 -0.022775 0.051080 0.000000
1.352000 0.116583 -0.026341 -0.008826 0.000000
1.354000 0.116583 -0.017915 -0.008826 0.000000
1.356000 0.118117 -0.017767 0.095852 0.000000
1.358000 0.119651 -0.009196 0.177064 0.000000
1.360000 0.119651 -0.008242 0.196279 0.000000
1.362000 0.121184 -0.016372 0.196279 0.000000
1.364000 0.121184 -0.016275 0.023594 0.000000
1.366000 0.122718 -0.016188 -0.006570 0.000000
1.368000 0.122718 -0.010369 0.044937 0.000000
1.370000 0.124252 -0.001924 0.133652 0.000000
1.372000 0.125786 0.001489 0.133652 0.000000
1.374000 0.125786 0.001545 0.172001 0.000000
1.376000 0.127320 -0.011072 0.076643 0.000000
1.378000 0.127320 -0.016559 0.021467 0.000000
1.380000 0.128854 -0.014775 0.021467 0.000000
1.382000 0.130388 -0.014680 0.095680 0.000000
1.384000 0.131922 -0.006758 0.176668 0.000000
1.386000 0.131922 -0.005844 0.205688 0.000000
1.388000 0.133456 -0.013541 0.131586 0.000000
1.390000 0.133456 -0.023502 0.131586 0.000000
1.392000 0.134990 -0.023396 0.017080 0.000000
1.394000 0.134990 -0.018533 0.037880 0.000000
1.396000 0.136524 -0.009810 0.119480 0.000000
1.398000 0.138058 -0.003086 0.119480 0.000000
1.400000 0.138058 -0.002989 0.182693 0.000000
1.402000 0.139592 -0.014445 0.099452 0.000000
1.404000 0.139592 -0.024309 0.033406 0.000000
1.406000 0.141126 -0.022484 0.018452 0.000000
1.408000 0.142660 -0.016143 0.018452 0.000000
1.410000 0.142660 -0.016003 0.164517 0.000000
1.412000 0.144194 -0.011392 0.194755 0.000000
1.414000 0.145728 -0.017517 0.160965 0.000000
1.416000 0.145728 -0.025569 0.031181 0.000000
1.418000 0.147262 -0.020383 0.031181 0.000000
1.420000 0.147262 -0.020234 0.035071 0.000000
1.422000 0.148796 -0.010196 0.121793 0.000000
1.424000 0.150330 -0.002822 0.197217 0.000000
1.426000 0.150330 -0.004750 0.197217 0.000000
1.428000 0.151864 -0.004678 0.123048 0.000000
1.430000 0.153398 -0.015513 0.066100 0.000000
1.432000 0.153398 -0.016737 0.053715 0.000000
1.434000 0.154932 -0.011849 0.156128 0.000000
1.436000 0.156466 -0.006928 0.156128 0.000000
1.438000 0.156466 -0.006834 0.202427 0.000000
1.440000 0.158000 -0.011224 0.195446 0.000000
1.442000 0.158000 -0.019900 0.107665 0.000000
1.444000 0.159534 -0.027061 0.107665 0.000000
1.446000 0.159534 -0.026931 0.050129 0.000000
1.448000 0.161068 -0.018770 0.111402 0.000000
1.450000 0.162602 -0.009078 0.194620 0.000000
1.452000 0.164136 -0.006328 0.208529 0.000000
1.454000 0.164136 -0.013411 0.208529 0.000000
1.456000 0.165670 -0.013318 0.090981 0.000000
1.458000 0.165670 -0.017459 0.056984 0.000000
1.460000 0.167204 -0.013516 0.070676 0.000000
1.462000 0.168738 -0.004765 0.206688 0.000000
1.464000 0.168738 -0.006989 0.206688 0.000000
1.466000 0.170272 -0.006911 0.214013 0.000000
1.468000 0.171806 -0.015392 0.133349 0.000000
1.470000 0.171806 -0.022803 0.088083 0.000000
1.472000 0.173340 -0.021958 0.088083 0.000000
1.474000 0.174874 -0.021823 0.108989 0.000000
1.476000 0.174874 -0.011619 0.187501 0.000000
1.478000 0.176408 -0.006292 0.217749 0.000000
1.480000 0.177942 -0.010718 0.122817 0.000000
1.482000 0.177942 -0.016825 0.122817 0.000000
1.484000 0.179476 -0.016727 0.085547 0.000000
1.486000 0.181010 -0.013747 0.086291 0.000000
1.488000 0.181010 -0.006106 0.143950 0.000000
1.490000 0.182544 0.001729 0.143950 0.000000
1.492000 0.184078 0.001799 0.215192 0.000000
1.494000 0.184078 -0.007280 0.179990 0.000000
1.496000 0.185612 -0.017220 0.115038 0.000000
1.498000 0.187146 -0.020741 0.107491 0.000000
1.500000 0.187146 -0.011610 0.107491 0.000000
1.502000 0.188680 -0.011495 0.178899 0.000000
1.504000 0.190214 -0.004734 0.215576 0.000000
1.506000 0.190214 -0.007550 0.215258 0.000000
1.508000 0.191748 -0.014848 0.215258 0.000000
1.510000 0.193282 -0.014766 0.110184 0.000000
1.512000 0.193282 -0.015159 0.106576 0.000000
1.514000 0.194816 -0.009143 0.142626 0.000000
1.516000 0.196350 -0.001723 0.208248 0.000000
1.518000 0.196350 0.001459 0.208248 0.000000
1.520000 0.197884 0.001512 0.204776 0.000000
1.522000 0.199418 -0.008218 0.144869 0.000000
1.524000 0.199418 -0.015470 0.122159 0.000000
1.526000 0.200951 -0.013650 0.172859 0.000000
1.528000 0.202485 -0.006133 0.172859 0.000000
1.530000 0.202485 -0.006044 0.225480 0.000000
1.532000 0.204019 -0.005958 0.217996 0.000000
1.534000 0.205553 -0.012226 0.191489 0.000000
1.536000 0.205553 -0.020236 0.191489 0.000000
1.538000 0.207087 -0.020140 0.130919 0.000000
1.540000 0.208621 -0.016113 0.149682 0.000000
1.542000 0.210155 -0.008674 0.203009 0.000000
1.544000 0.210155 -0.003294 0.207780 0.000000
1.546000 0.211689 -0.011203 0.207780 0.000000
1.548000 0.213223 -0.011126 0.162642 0.000000
1.550000 0.213223 -0.019031 0.131302 0.000000
1.552000 0.214757 -0.019660 0.135231 0.000000
1.554000 0.216291 -0.014577 0.135231 0.000000
1.556000 0.217825 -0.014452 0.209692 0.000000
1.558000 0.217825 -0.009782 0.211707 0.000000
1.560000 0.219359 -0.013762 0.202900 0.000000
1.562000 0.220893 -0.019766 0.140122 0.000000
1.564000 0.220893 -0.017309 0.140122 0.000000
1.566000 0.222427 -0.017182 0.159861 0.000000
1.568000 0.223961 -0.010666 0.194744 0.000000
1.570000 0.223961 -0.003637 0.223771 0.000000
1.572000 0.225495 -0.003175 0.190621 0.000000
1.574000 0.227029 -0.009193 0.190621 0.000000
1.576000 0.227029 -0.009128 0.147490 0.000000
1.578000 0.228563 -0.012027 0.165782 0.000000
1.580000 0.230097 -0.008767 0.195448 0.000000
1.582000 0.231631 -0.003494 0.195448 0.000000
1.584000 0.231631 -0.003421 0.223504 0.000000
1.586000 0.233165 -0.005974 0.214001 0.000000
1.588000 0.234699 -0.011420 0.182148 0.000000
1.590000 0.234699 -0.016085 0.184320 0.000000
1.592000 0.236233 -0.012354 0.184320 0.000000
1.594000 0.237767 -0.012253 0.210728 0.000000
1.596000 0.239301 -0.005798 0.235123 0.000000
1.598000 0.239301 -0.003468 0.224016 0.000000
1.600000 0.240835 -0.008151 0.224016 0.000000
1.602000 0.242369 -0.008087 0.163062 0.000000
1.604000 0.243903 -0.012362 0.183957 0.000000
1.606000 0.243903 -0.011263 0.216571 0.000000
1.608000 0.245437 -0.007579 0.238297 0.000000
1.610000 0.246971 -0.007928 0.238297 0.000000
1.612000 0.248505 -0.007849 0.216700 0.000000
1.614000 0.248505 -0.011701 0.194462 0.000000
1.616000 0.250039 -0.015053 0.171017 0.000000
1.618000 0.251573 -0.016628 0.171017 0.000000
1.620000 0.251573 -0.016522 0.240038 0.000000
1.622000 0.253107 -0.012628 0.252010 0.000000
1.624000 0.254641 -0.008344 0.236552 0.000000
1.626000 0.256175 -0.009624 0.186212 0.000000
1.628000 0.256175 -0.012625 0.186212 0.000000
1.630000 0.257709 -0.012533 0.189442 0.000000
1.632000 0.259243 -0.013392 0.246881 0.000000
1.634000 0.260777 -0.011124 0.270301 0.000000
1.636000 0.260777 -0.008139 0.222626 0.000000
1.638000 0.262311 -0.010705 0.222626 0.000000
1.640000 0.263845 -0.010618 0.192576 0.000000
1.642000 0.265379 -0.013131 0.183505 0.000000
1.644000 0.265379 -0.014900 0.218875 0.000000
1.646000 0.266913 -0.014114 0.218875 0.000000
1.648000 0.268447 -0.014006 0.267523 0.000000
1.650000 0.269981 -0.011790 0.258275 0.000000
1.652000 0.269981 -0.011397 0.212959 0.000000
1.654000 0.271515 -0.012609 0.188099 0.000000
1.656000 0.273049 -0.013144 0.188099 0.000000
1.658000 0.274583 -0.013042 0.250614 0.000000
1.660000 0.276117 -0.012231 0.299887 0.000000
1.662000 0.276117 -0.010808 0.282164 0.000000
1.664000 0.277651 -0.009158 0.282164 0.000000
1.666000 0.279185 -0.009065 0.192431 0.000000
1.668000 0.279185 -0.010250 0.186882 0.000000
1.670000 0.280718 -0.010305 0.222640 0.000000
1.672000 0.282252 -0.009570 0.316734 0.000000
1.674000 0.283786 -0.008925 0.316734 0.000000
1.676000 0.285320 -0.008840 0.288605 0.000000
1.678000 0.285320 -0.009265 0.236064 0.000000
1.680000 0.286854 -0.009737 0.192613 0.000000
1.682000 0.288388 -0.008894 0.254068 0.000000
1.684000 0.289922 -0.008753 0.254068 0.000000
1.686000 0.289922 -0.008672 0.325906 0.000000
1.688000 0.291456 -0.009186 0.333972 0.000000
1.690000 0.292990 -0.009815 0.212300 0.000000
1.692000 0.294524 -0.009091 0.212300 0.000000
1.694000 0.294524 -0.009009 0.188304 0.000000
1.696000 0.296058 -0.007837 0.221914 0.000000
1.698000 0.297592 -0.007723 0.303280 0.000000
1.700000 0.299126 -0.008058 0.320446 0.000000
1.702000 0.300660 -0.009748 0.320446 0.000000
1.704000 0.300660 -0.009670 0.256148 0.000000
1.706000 0.302194 -0.011067 0.190075 0.000000
1.708000 0.303728 -0.010513 0.188708 0.000000
1.710000 0.305262 -0.008674 0.188708 0.000000
1.712000 0.306796 -0.008588 0.339078 0.000000
1.714000 0.306796 -0.008423 0.375948 0.000000
1.716000 0.308330 -0.010444 0.317065 0.000000
1.718000 0.309864 -0.012780 0.178916 0.000000
1.720000 0.311398 -0.010449 0.178916 0.000000
1.722000 0.311398 -0.010355 0.201698 0.000000
1.724000 0.312932 -0.008222 0.301011 0.000000
1.726000 0.314466 -0.007352 0.381803 0.000000
1.728000 0.316000 -0.008110 0.285327 0.000000
1.730000 0.317534 -0.010329 0.285327 0.000000
1.732000 0.317534 -0.010250 0.213734 0.000000
1.734000 0.319068 -0.009243 0.184614 0.000000
1.736000 0.320602 -0.006811 0.324618 0.000000
1.738000 0.322136 -0.005960 0.324618 0.000000
1.740000 0.323670 -0.005887 0.405290 0.000000
1.742000 0.325204 -0.008213 0.367218 0.000000
1.744000 0.325204 -0.012277 0.280665 0.000000
1.746000 0.326738 -0.013521 0.190336 0.000000
1.748000 0.328272 -0.010780 0.190336 0.000000
1.750000 0.329806 -0.010683 0.278277 0.000000
1.752000 0.329806 -0.008514 0.363409 0.000000
1.754000 0.331340 -0.006750 0.351749 0.000000
1.756000 0.332874 -0.009830 0.351749 0.000000
1.758000 0.334408 -0.009752 0.252825 0.000000
1.760000 0.335942 -0.010879 0.188565 0.000000
1.762000 0.335942 -0.008454 0.228727 0.000000
1.764000 0.337476 -0.005666 0.425729 0.000000
1.766000 0.339010 -0.008057 0.425729 0.000000
1.768000 0.340544 -0.007983 0.447151 0.000000
1.770000 0.342078 -0.012774 0.314576 0.000000
1.772000 0.342078 -0.014661 0.211118 0.000000
1.774000 0.343612 -0.011341 0.211118 0.000000
1.776000 0.345146 -0.011241 0.244991 0.000000
1.778000 0.346680 -0.008269 0.381619 0.000000
1.780000 0.348214 -0.008528 0.490917 0.000000
1.782000 0.349748 -0.013064 0.281611 0.000000
1.784000 0.349748 -0.012198 0.281611 0.000000
1.786000 0.351282 -0.012101 0.198197 0.000000
1.788000 0.352816 -0.006468 0.197688 0.000000
1.790000 0.354350 -0.001516 0.314236 0.000000
1.792000 0.355884 -0.000271 0.521834 0.000000
1.794000 0.357418 -0.009093 0.521834 0.000000
1.796000 0.357418 -0.009040 0.384284 0.000000
1.798000 0.358952 -0.016660 0.242221 0.000000
1.800000 0.360485 -0.014817 0.224222 0.000000
1.802000 0.362019 -0.007593 0.224222 0.000000
1.804000 0.363553 -0.007492 0.376026 0.000000
1.806000 0.365087 -0.005130 0.518957 0.000000
1.808000 0.365087 -0.009422 0.525305 0.000000
1.810000 0.366621 -0.019265 0.210909 0.000000
1.812000 0.368155 -0.015166 0.210909 0.000000
1.814000 0.369689 -0.015051 0.176137 0.000000
1.816000 0.371223 -0.006804 0.272956 0.000000
1.818000 0.372757 -0.000079 0.543209 0.000000
1.820000 0.374291 -0.007133 0.543209 0.000000
1.822000 0.374291 -0.007070 0.481313 0.000000
1.824000 0.375825 -0.017983 0.291768 0.000000
1.826000 0.377359 -0.018700 0.205454 0.000000
1.828000 0.378893 -0.011661 0.325739 0.000000
1.830000 0.380427 -0.006310 0.325739 0.000000
1.832000 0.381961 -0.006209 0.484864 0.000000
1.834000 0.381961 -0.007011 0.589486 0.000000
1.836000 0.383495 -0.014583 0.247678 0.000000
1.838000 0.385029 -0.013402 0.186595 0.000000
1.840000 0.386563 -0.005995 0.186595 0.000000
1.842000 0.388097 -0.005901 0.230522 0.000000
1.844000 0.389631 0.001791 0.394726 0.000000
1.846000 0.391165 0.004817 0.575739 0.000000
1.848000 0.391165 -0.006698 0.575739 0.000000
1.850000 0.392699 -0.006666 0.361955 0.000000
1.852000 0.394233 -0.014195 0.224804 0.000000
1.854000 0.395767 -0.008954 0.195024 0.000000
1.856000 0.397301 0.000169 0.476521 0.000000
1.858000 0.398835 0.000944 0.476521 0.000000
1.860000 0.400369 0.000992 0.609296 0.000000
1.862000 0.400369 -0.007208 0.528561 0.000000
1.864000 0.401903 -0.018453 0.198614 0.000000
1.866000 0.403437 -0.009010 0.198614 0.000000
1.868000 0.404971 -0.008917 0.199427 0.000000
1.870000 0.406505 0.001796 0.339054 0.000000
1.872000 0.408039 0.007905 0.560301 0.000000
1.874000 0.409573 0.006326 0.488034 0.000000
1.876000 0.409573 -0.006233 0.488034 0.000000
1.878000 0.411107 -0.006216 0.261872 0.000000
1.880000 0.412641 -0.005990 0.193530 0.000000
1.882000 0.414175 0.003050 0.423948 0.000000
1.884000 0.415709 0.006924 0.423948 0.000000
1.886000 0.417243 0.006945 0.619174 0.000000
1.888000 0.417243 0.001208 0.637884 0.000000
1.890000 0.418777 -0.013154 0.420381 0.000000
1.892000 0.420311 -0.022142 0.197367 0.000000
1.894000 0.421845 -0.011382 0.197367 0.000000
1.896000 0.423379 -0.011272 0.281718 0.000000
1.898000 0.424913 -0.000259 0.513294 0.000000
1.900000 0.426447 0.003294 0.605673 0.000000
1.902000 0.427981 -0.012486 0.327092 0.000000
1.904000 0.427981 -0.018596 0.327092 0.000000
1.906000 0.429515 -0.018508 0.209049 0.000000
1.908000 0.431049 -0.010353 0.221504 0.000000
1.910000 0.432583 0.000477 0.611477 0.000000
1.912000 0.434117 0.000683 0.611477 0.000000
1.914000 0.435651 0.000739 0.665888 0.000000
1.916000 0.437185 -0.011127 0.523191 0.000000
1.918000 0.437185 -0.024192 0.273299 0.000000
1.920000 0.438719 -0.022572 0.253672 0.000000
1.922000 0.440252 -0.009854 0.253672 0.000000
1.924000 0.441786 -0.009721 0.458003 0.000000
1.926000 0.443320 -0.002397 0.662247 0.000000
1.928000 0.444854 -0.004891 0.415417 0.000000
1.930000 0.446388 -0.014752 0.415417 0.000000
1.932000 0.447922 -0.014675 0.229943 0.000000
1.934000 0.447922 -0.008818 0.208941 0.000000
1.936000 0.449456 0.002554 0.321132 0.000000
1.938000 0.450990 0.012376 0.716015 0.000000
1.940000 0.452524 0.003249 0.716015 0.000000
1.942000 0.454058 0.003254 0.620023 0.000000
1.944000 0.455592 -0.013706 0.336927 0.000000
1.946000 0.457126 -0.017155 0.243162 0.000000
1.948000 0.457126 -0.003409 0.400291 0.000000
1.950000 0.460194 0.005263 0.400291 0.000000
1.952000 0.461728 0.005319 0.658890 0.000000
1.954000 0.463262 0.003949 0.717170 0.000000
1.956000 0.463262 -0.008419 0.279231 0.000000
1.958000 0.464796 -0.007194 0.279231 0.000000
1.960000 0.466330 -0.007143 0.222985 0.000000
1.962000 0.467864 0.004088 0.288664 0.000000
1.964000 0.469398 0.015265 0.507184 0.000000
1.966000 0.470932 0.019136 0.680303 0.000000
1.968000 0.472466 0.003838 0.680303 0.000000
1.970000 0.474000 0.003800 0.429931 0.000000
1.972000 0.474000 -0.007732 0.239432 0.000000
1.974000 0.475534 -0.002633 0.360431 0.000000
1.976000 0.477068 0.007764 0.360431 0.000000
1.978000 0.478602 0.007790 0.612486 0.000000
1.980000 0.480136 0.009898 0.744504 0.000000
1.982000 0.481670 0.001066 0.612670 0.000000
1.984000 0.483204 -0.012482 0.239369 0.000000
1.986000 0.484738 -0.004015 0.239369 0.000000
1.988000 0.486272 -0.003960 0.285359 0.000000
1.990000 0.487806 0.007320 0.464506 0.000000
1.992000 0.489340 0.013607 0.713589 0.000000
1.994000 0.490874 -0.000341 0.491748 0.000000
1.996000 0.490874 -0.011677 0.491748 0.000000
1.998000 0.492408 -0.011648 0.286306 0.000000
2.000000 0.493942 -0.009421 0.254434 0.000000
2.002000 0.495476 0.000870 0.583845 0.000000
2.004000 0.497010 0.004640 0.583845 0.000000
2.006000 0.498544 0.004680 0.742875 0.000000
2.008000 0.500078 -0.002557 0.644591 0.000000
2.010000 0.501612 -0.016082 0.247709 0.000000
2.012000 0.503146 -0.008724 0.280988 0.000000
2.014000 0.504680 0.002230 0.280988 0.000000
2.016000 0.506214 0.002296 0.423438 0.000000
2.018000 0.507748 0.010900 0.666009 0.000000
2.020000 0.509282 0.009698 0.555747 0.000000
2.022000 0.509282 -0.004417 0.555747 0.000000
2.024000 0.510816 -0.004417 0.327640 0.000000
2.026000 0.512350 -0.006139 0.256852 0.000000
2.028000 0.513884 0.002790 0.328816 0.000000
2.030000 0.515418 0.013719 0.742571 0.000000
2.032000 0.516952 0.007999 0.742571 0.000000
2.034000 0.518486 0.007987 0.700456 0.000000
2.036000 0.520019 -0.008166 0.465532 0.000000
2.038000 0.521553 -0.017246 0.286809 0.000000
2.040000 0.523087 -0.004985 0.416206 0.000000
2.042000 0.524621 0.005956 0.416206 0.000000
2.044000 0.526155 0.006010 0.629682 0.000000
2.046000 0.527689 0.006791 0.759374 0.000000
2.048000 0.527689 -0.003495 0.395363 0.000000
2.050000 0.529223 -0.008286 0.395363 0.000000
2.052000 0.530757 -0.008249 0.281690 0.000000
2.054000 0.532291 -0.000149 0.341123 0.000000
2.056000 0.533825 0.010757 0.736216 0.000000
2.058000 0.535359 0.007303 0.720200 0.000000
2.060000 0.536893 -0.004456 0.720200 0.000000
2.062000 0.538427 -0.004444 0.517558 0.000000
2.064000 0.539961 -0.015432 0.330164 0.000000
2.066000 0.541495 -0.014901 0.426433 0.000000
2.068000 0.543029 -0.002037 0.426433 0.000000
2.070000 0.544563 -0.001949 0.609945 0.000000
2.072000 0.546097 0.002734 0.764073 0.000000
2.074000 0.547631 -0.004257 0.622802 0.000000
2.076000 0.547631 -0.015629 0.316335 0.000000
2.078000 0.549165 -0.009659 0.316335 0.000000
2.080000 0.550699 -0.009572 0.356366 0.000000
2.082000 0.553767 0.002958 0.510357 0.000000
2.084000 0.555301 0.011087 0.750849 0.000000
2.086000 0.555301 -0.000009 0.545970 0.000000
2.088000 0.556835 -0.009529 0.545970 0.000000
2.090000 0.558369 -0.009493 0.389483 0.000000
2.092000 0.559903 -0.011025 0.331059 0.000000
2.094000 0.561437 -0.001591 0.606258 0.000000
2.096000 0.562971 0.003070 0.606258 0.000000
2.098000 0.564505 0.003120 0.741925 0.000000
2.100000 0.566039 -0.003028 0.646048 0.000000
2.102000 0.567573 -0.012344 0.370601 0.000000
2.104000 0.569107 -0.008136 0.363832 0.000000
2.106000 0.570641 0.002234 0.363832 0.000000
2.108000 0.572175 0.002297 0.502003 0.000000
2.110000 0.573709 0.010632 0.681835 0.000000
2.112000 0.575243 0.009986 0.569010 0.000000
2.114000 0.576777 -0.000296 0.569010 0.000000
2.116000 0.576777 -0.000301 0.427245 0.000000
2.118000 0.578311 -0.003826 0.359401 0.000000
2.120000 0.581379 0.001917 0.626359 0.000000
2.122000 0.582913 0.007487 0.708337 0.000000
2.124000 0.584447 0.004158 0.708337 0.000000
2.126000 0.584447 0.004165 0.668878 0.000000
2.128000 0.585981 -0.005403 0.501755 0.000000
2.130000 0.587515 -0.011677 0.406763 0.000000
2.132000 0.589049 -0.002501 0.521261 0.000000
2.134000 0.590583 0.006276 0.521261 0.000000
2.136000 0.592117 0.006318 0.679923 0.000000
2.138000 0.593651 0.006690 0.581600 0.000000
2.140000 0.595185 -0.002748 0.453210 0.000000
2.142000 0.596719 -0.005575 0.453210 0.000000
2.144000 0.598253 -0.005543 0.410859 0.000000
2.146000 0.599786 -0.000860 0.464684 0.000000
2.148000 0.601320 0.007696 0.712861 0.000000
2.150000 0.602854 0.003106 0.644900 0.000000
2.152000 0.604388 -0.004558 0.644900 0.000000
2.154000 0.605922 -0.004533 0.510597 0.000000
2.156000 0.607456 -0.010186 0.438687 0.000000
2.158000 0.608990 -0.007863 0.546021 0.000000
2.160000 0.610524 0.000871 0.546021 0.000000
2.162000 0.612058 0.000934 0.689499 0.000000
2.164000 0.613592 0.001796 0.671908 0.000000
2.166000 0.613592 -0.003301 0.472385 0.000000
2.168000 0.616660 -0.005549 0.449601 0.000000
2.170000 0.616660 -0.001430 0.449601 0.000000
2.172000 0.619728 -0.001381 0.512599 0.000000
2.174000 0.621262 0.005458 0.628765 0.000000
2.176000 0.622796 0.009493 0.641410 0.000000
2.178000 0.622796 0.002428 0.641410 0.000000
2.180000 0.624330 0.002429 0.523125 0.000000
2.182000 0.625864 -0.003211 0.468628 0.000000
2.184000 0.627398 -0.002601 0.593764 0.000000
2.186000 0.628932 0.003209 0.710138 0.000000
2.188000 0.630466 0.002965 0.710138 0.000000
2.190000 0.632000 0.002989 0.662127 0.000000
2.192000 0.633534 -0.003111 0.570341 0.000000
2.194000 0.635068 -0.007888 0.496633 0.000000
2.196000 0.636602 -0.004091 0.562905 0.000000
2.198000 0.638136 0.000613 0.562905 0.000000
2.200000 0.639670 0.000663 0.665739 0.000000
2.202000 0.641204 0.002569 0.605330 0.000000
2.204000 0.642738 -0.002884 0.531876 0.000000
2.206000 0.644272 -0.005548 0.531876 0.000000
2.208000 0.645806 -0.005505 0.489046 0.000000
2.210000 0.647340 -0.004317 0.541134 0.000000
2.212000 0.648874 -0.000129 0.724489 0.000000
2.214000 0.650408 -0.001445 0.660606 0.000000
2.216000 0.651942 -0.006443 0.660606 0.000000
2.218000 0.653476 -0.006391 0.557623 0.000000
2.220000 0.655010 -0.010137 0.492941 0.000000
2.222000 0.656544 -0.009906 0.644518 0.000000
2.224000 0.658078 -0.005937 0.644518 0.000000
2.226000 0.659612 -0.005855 0.714878 0.000000
2.228000 0.661146 -0.004521 0.711408 0.000000
2.230000 0.662680 -0.007864 0.524304 0.000000
2.232000 0.664214 -0.007502 0.519499 0.000000
2.234000 0.665748 -0.004934 0.519499 0.000000
2.236000 0.667282 -0.004862 0.595767 0.000000
2.238000 0.668816 -0.001414 0.719426 0.000000
2.240000 0.670350 -0.000424 0.640322 0.000000
2.242000 0.671884 -0.004047 0.640322 0.000000
2.244000 0.673418 -0.004000 0.532686 0.000000
2.246000 0.674952 -0.005600 0.504478 0.000000
2.248000 0.676486 -0.004165 0.704908 0.000000
2.250000 0.678020 -0.002226 0.780248 0.000000
2.252000 0.679553 -0.003784 0.780248 0.000000
2.254000 0.681087 -0.003728 0.712250 0.000000
2.256000 0.681087 -0.007971 0.563282 0.000000
2.258000 0.682621 -0.008848 0.522539 0.000000
2.260000 0.685689 -0.004379 0.651446 0.000000
2.262000 0.687223 -0.000399 0.651446 0.000000
2.264000 0.688757 -0.000337 0.813981 0.000000
2.266000 0.690291 -0.002480 0.645667 0.000000
2.268000 0.690291 -0.006205 0.513150 0.000000
2.270000 0.691825 -0.004536 0.513150 0.000000
2.272000 0.693359 -0.004478 0.512044 0.000000
2.274000 0.696427 0.000015 0.594777 0.000000
2.276000 0.697961 0.004135 0.849710 0.000000
2.278000 0.699495 -0.002545 0.723316 0.000000
2.280000 0.699495 -0.007739 0.723316 0.000000
2.282000 0.701029 -0.007688 0.558286 0.000000
2.284000 0.702563 -0.007499 0.537987 0.000000
2.286000 0.704097 -0.001175 0.686945 0.000000
2.288000 0.707165 0.002025 0.686945 0.000000
2.290000 0.708699 0.002073 0.867279 0.000000
2.292000 0.710233 -0.003783 0.801932 0.000000
2.294000 0.710233 -0.010337 0.508847 0.000000
2.296000 0.711767 -0.005785 0.503262 0.000000
2.298000 0.713301 0.000448 0.503262 0.000000
2.300000 0.716369 0.000509 0.618217 0.000000
2.302000 0.717903 0.004860 0.835541 0.000000
2.304000 0.719437 0.002359 0.745245 0.000000
2.306000 0.719437 -0.005074 0.556555 0.000000
2.308000 0.720971 -0.004649 0.556555 0.000000
2.310000 0.722505 -0.004601 0.472403 0.000000
2.312000 0.724039 0.001308 0.733013 0.000000
2.314000 0.727107 0.004264 0.922113 0.000000
2.316000 0.728641 -0.003142 0.922113 0.000000
2.318000 0.730175 -0.003107 0.865454 0.000000
2.320000 0.730175 -0.015562 0.658489 0.000000
2.322000 0.731709 -0.018479 0.498251 0.000000
2.324000 0.733243 -0.008430 0.649826 0.000000
2.326000 0.736311 -0.001404 0.649826 0.000000
2.328000 0.737845 -0.001315 0.868269 0.000000
2.330000 0.739379 -0.003681 0.761816 0.000000
2.332000 0.739379 -0.012806 0.548907 0.000000
2.334000 0.740913 -0.010759 0.548907 0.000000
2.336000 0.742447 -0.010670 0.476401 0.000000
2.338000 0.743981 -0.001860 0.545184 0.000000
2.340000 0.747049 0.006835 0.970928 0.000000
2.342000 0.748583 -0.003200 0.898787 0.000000
2.344000 0.748583 -0.015792 0.898787 0.000000
2.346000 0.750117 -0.015722 0.655486 0.000000
2.348000 0.751651 -0.018539 0.491995 0.000000
2.350000 0.753185 -0.006386 0.664918 0.000000
2.352000 0.756253 0.001991 0.664918 0.000000
2.354000 0.757787 0.002073 0.894153 0.000000
2.356000 0.759320 -0.000263 0.994897 0.000000
2.358000 0.759320 -0.014989 0.559880 0.000000
2.360000 0.760854 -0.011804 0.470243 0.000000
2.362000 0.762388 -0.001169 0.470243 0.000000
2.364000 0.763922 -0.001087 0.563321 0.000000
2.366000 0.766990 0.009882 0.806666 0.000000
2.368000 0.768524 0.012397 0.965267 0.000000
2.370000 0.768524 -0.007129 0.661998 0.000000
2.372000 0.770058 -0.011382 0.661998 0.000000
2.374000 0.771592 -0.011329 0.503727 0.000000
2.376000 0.773126 -0.002587 0.670562 0.000000
2.378000 0.776194 0.006775 0.946840 0.000000
2.380000 0.777728 0.002911 0.946840 0.000000
2.382000 0.779262 0.002942 1.028725 0.000000
2.384000 0.779262 -0.015738 0.844353 0.000000
2.386000 0.780796 -0.026941 0.485055 0.000000
2.388000 0.782330 -0.012396 0.566606 0.000000
2.390000 0.783864 0.001343 0.566606 0.000000
2.392000 0.786932 0.001446 0.831400 0.000000
2.394000 0.788466 0.005097 0.970729 0.000000
2.396000 0.788466 -0.014783 0.679117 0.000000
2.398000 0.790000 -0.018025 0.679117 0.000000
2.400000 0.791534 -0.017929 0.502083 0.000000
2.402000 0.793068 -0.006006 0.513419 0.000000
2.404000 0.796136 0.008535 0.971377 0.000000
2.406000 0.797670 0.004529 1.060215 0.000000
2.408000 0.799204 -0.015367 1.060215 0.000000
2.410000 0.799204 -0.015307 0.856200 0.000000
2.412000 0.800738 -0.027322 0.503084 0.000000
2.414000 0.802272 -0.010153 0.587501 0.000000
2.416000 0.805340 0.005697 0.587501 0.000000
2.418000 0.806874 0.005792 0.864238 0.000000
2.420000 0.808408 0.009892 1.053144 0.000000
2.422000 0.808408 -0.004457 0.674197 0.000000
2.424000 0.809942 -0.008521 0.513994 0.000000
2.426000 0.811476 0.002723 0.513994 0.000000
2.428000 0.813010 0.002774 0.528491 0.000000
2.430000 0.816078 0.018147 1.016239 0.000000
2.432000 0.817612 0.009602 1.044798 0.000000
2.434000 0.819146 -0.011423 0.842886 0.000000
2.436000 0.819146 -0.022076 0.842886 0.000000
2.438000 0.820680 -0.021995 0.560439 0.000000
2.440000 0.822214 -0.013807 0.616083 0.000000
2.442000 0.825282 0.003741 0.891328 0.000000
2.444000 0.826816 0.006915 0.891328 0.000000
2.446000 0.828350 0.006970 1.058344 0.000000
2.448000 0.828350 -0.008889 0.995214 0.000000
2.450000 0.829884 -0.028960 0.515014 0.000000
2.452000 0.831418 -0.013553 0.568538 0.000000
2.454000 0.832952 0.004318 0.568538 0.000000
2.456000 0.836020 0.004418 0.748202 0.000000
2.458000 0.837554 0.015238 1.029547 0.000000
2.460000 0.839087 -0.007085 0.836589 0.000000
2.462000 0.839087 -0.019796 0.836589 0.000000
2.464000 0.840621 -0.019725 0.587164 0.000000
2.466000 0.842155 -0.012370 0.542600 0.000000
2.468000 0.845223 0.004785 0.942690 0.000000
2.470000 0.846757 0.005238 1.053061 0.000000
2.472000 0.848291 -0.009581 1.053061 0.000000
2.474000 0.848291 -0.009521 0.969560 0.000000
2.476000 0.849825 -0.028263 0.555080 0.000000
2.478000 0.851359 -0.011771 0.612801 0.000000
2.480000 0.852893 0.006908 0.780958 0.000000
2.482000 0.855961 0.015630 0.780958 0.000000
2.484000 0.857495 0.015665 1.006764 0.000000
2.486000 0.859029 0.006171 0.825629 0.000000
2.488000 0.859029 -0.004763 0.607353 0.000000
2.490000 0.860563 0.000651 0.607353 0.000000
2.492000 0.862097 0.000678 0.589216 0.000000
2.494000 0.865165 0.015817 0.938705 0.000000
2.496000 0.866699 0.013880 1.051693 0.000000
2.498000 0.868233 -0.001690 0.925364 0.000000
2.500000 0.868233 -0.014573 0.925364 0.000000
2.502000 0.869767 -0.014526 0.721944 0.000000
2.504000 0.871301 -0.015803 0.652342 0.000000
2.506000 0.874369 0.002327 0.837429 0.000000
2.508000 0.875903 0.010346 0.837429 0.000000
2.510000 0.877437 0.010395 1.014218 0.000000
2.512000 0.878971 0.001194 1.003341 0.000000
2.514000 0.878971 -0.015294 0.635509 0.000000
2.516000 0.880505 -0.007808 0.654661 0.000000
2.518000 0.882039 0.007696 0.654661 0.000000
2.520000 0.885107 0.007756 0.771083 0.000000
2.522000 0.886641 0.020593 1.002292 0.000000
2.524000 0.888175 0.005508 0.896560 0.000000
2.526000 0.888175 -0.006412 0.896560 0.000000
2.528000 0.889709 -0.006400 0.733204 0.000000
2.530000 0.891243 -0.006665 0.662723 0.000000
2.532000 0.892777 0.005303 0.864291 0.000000
2.534000 0.895845 0.010362 0.994460 0.000000
2.536000 0.897379 0.001927 0.994460 0.000000
2.538000 0.897379 0.001946 0.934064 0.000000
2.540000 0.898913 -0.008332 0.708425 0.000000
2.542000 0.900447 -0.003228 0.725827 0.000000
2.544000 0.901981 0.008288 0.829822 0.000000
2.546000 0.905049 0.015873 0.829822 0.000000
2.548000 0.906583 0.015880 0.949009 0.000000
2.550000 0.908117 0.010641 0.842613 0.000000
2.552000 0.908117 0.001300 0.730516 0.000000
2.554000 0.909651 0.000584 0.730516 0.000000
2.556000 0.911185 0.000592 0.745678 0.000000
2.558000 0.914253 0.007635 0.895059 0.000000
2.560000 0.915787 0.009038 0.978841 0.000000
2.562000 0.917321 -0.001588 0.882964 0.000000
2.564000 0.917321 -0.009943 0.882964 0.000000
2.566000 0.918854 -0.009894 0.802354 0.000000
2.568000 0.920388 -0.013396 0.798772 0.000000
2.570000 0.923456 -0.003108 0.873713 0.000000
2.572000 0.924990 0.001780 0.873713 0.000000
2.574000 0.926524 0.001853 0.948352 0.000000
2.576000 0.926524 -0.005210 0.908883 0.000000
2.578000 0.928058 -0.011906 0.782463 0.000000
2.580000 0.929592 -0.009434 0.813543 0.000000
2.582000 0.931126 -0.003167 0.813543 0.000000
2.584000 0.934194 -0.003079 0.884876 0.000000
2.586000 0.935728 0.000660 0.929169 0.000000
2.588000 0.935728 -0.005741 0.858265 0.000000
2.590000 0.937262 -0.009546 0.786269 0.000000
2.592000 0.938796 -0.008834 0.786269 0.000000
2.594000 0.940330 -0.008746 0.805640 0.000000
2.596000 0.941864 -0.005273 0.936235 0.000000
2.598000 0.943398 -0.003966 0.945676 0.000000
2.600000 0.944932 -0.008035 0.945676 0.000000
2.602000 0.946466 -0.007950 0.864953 0.000000
2.604000 0.948000 -0.010884 0.802199 0.000000
2.606000 0.949534 -0.006933 0.869563 0.000000
2.608000 0.951068 -0.002577 0.970556 0.000000
2.610000 0.952602 -0.003749 0.970556 0.000000
2.612000 0.954136 -0.003670 0.987229 0.000000
2.614000 0.955670 -0.010592 0.786280 0.000000
2.616000 0.957204 -0.009257 0.788200 0.000000
2.618000 0.958738 -0.005103 0.788200 0.000000
2.620000 0.960272 -0.005014 0.857523 0.000000
2.622000 0.961806 -0.000663 1.007191 0.000000
2.624000 0.963340 -0.009745 0.939088 0.000000
2.626000 0.964874 -0.016065 0.859870 0.000000
2.628000 0.966408 -0.016992 0.859870 0.000000
2.630000 0.967942 -0.016865 0.778422 0.000000
2.632000 0.969476 -0.011426 0.945703 0.000000
2.634000 0.971010 -0.011384 1.024260 0.000000
2.636000 0.972544 -0.019281 1.003261 0.000000
2.638000 0.974078 -0.027747 1.003261 0.000000
2.640000 0.975612 -0.027576 0.887185 0.000000
2.642000 0.977146 -0.028237 0.803512 0.000000
2.644000 0.978680 -0.020035 0.917325 0.000000
2.646000 0.980214 -0.016936 0.917325 0.000000
2.648000 0.981748 -0.016756 1.019879 0.000000
2.650000 0.983282 -0.022226 0.957377 0.000000
2.652000 0.983282 -0.027310 0.831576 0.000000
2.654000 0.984816 -0.023828 0.788212 0.000000
2.656000 0.986350 -0.015915 0.788212 0.000000
2.658000 0.989418 -0.015733 0.877403 0.000000
2.660000 0.990952 -0.010139 1.058775 0.000000
2.662000 0.992486 -0.021356 1.012757 0.000000
2.664000 0.992486 -0.029820 1.012757 0.000000
2.666000 0.994020 -0.029637 0.858949 0.000000
2.668000 0.995554 -0.026287 0.818368 0.000000
2.670000 0.997088 -0.015154 0.955156 0.000000
2.672000 1.000155 -0.012050 1.095111 0.000000
2.674000 1.001689 -0.025334 1.095111 0.000000
2.676000 1.001689 -0.025162 1.070532 0.000000
2.678000 1.003223 -0.038666 0.794369 0.000000
2.680000 1.004757 -0.027464 0.811971 0.000000
2.682000 1.006291 -0.015412 0.811971 0.000000
2.684000 1.007825 -0.015207 0.904619 0.000000
2.686000 1.010893 -0.006984 1.119584 0.000000
2.688000 1.010893 -0.028593 1.021401 0.000000
2.690000 1.012427 -0.038453 0.845821 0.000000
2.692000 1.013961 -0.030759 0.845821 0.000000
2.694000 1.015495 -0.030521 0.796063 0.000000
2.696000 1.017029 -0.016073 1.030400 0.000000
2.698000 1.018563 -0.017004 1.159389 0.000000
2.700000 1.020097 -0.042838 1.092969 0.000000
2.702000 1.021631 -0.059198 1.092969 0.000000
2.704000 1.021631 -0.058895 0.916880 0.000000
2.706000 1.023165 -0.052784 0.831056 0.000000
2.708000 1.026233 -0.031130 0.941895 0.000000
2.710000 1.027767 -0.018755 0.941895 0.000000
2.712000 1.029301 -0.018481 1.117458 0.000000
2.714000 1.030835 -0.034807 1.043073 0.000000
2.716000 1.030835 -0.045404 0.819355 0.000000
2.718000 1.032369 -0.028908 0.801217 0.000000
2.720000 1.033903 -0.009831 0.801217 0.000000
2.722000 1.036971 -0.009612 0.870373 0.000000
2.724000 1.038505 0.006385 1.167262 0.000000
2.726000 1.040039 -0.025741 1.092644 0.000000
2.728000 1.040039 -0.042592 1.092644 0.000000
2.730000 1.041573 -0.042392 0.917002 0.000000
2.732000 1.041573 -0.034265 0.826031 0.000000
2.734000 1.044641 -0.011345 0.957724 0.000000
2.736000 1.046175 -0.000620 1.152136 0.000000
2.738000 1.049243 -0.023012 1.152136 0.000000
2.740000 1.049243 -0.022858 1.156622 0.000000
2.742000 1.049243 -0.050951 0.833155 0.000000
2.744000 1.050777 -0.031795 0.813664 0.000000
2.746000 1.052311 -0.009926 0.910199 0.000000
2.748000 1.055379 0.005178 0.910199 0.000000
2.750000 1.056913 0.005325 1.198559 0.000000
2.752000 1.058447 -0.036068 1.115496 0.000000
2.754000 1.058447 -0.057181 0.930561 0.000000
2.756000 1.059981 -0.048373 0.930561 0.000000
2.758000 1.061515 -0.048061 0.792954 0.000000
2.760000 1.063049 -0.020778 0.992071 0.000000
2.762000 1.066117 -0.009957 1.159700 0.000000
2.764000 1.067651 -0.033440 1.193778 0.000000
2.766000 1.067651 -0.070039 1.193778 0.000000
2.768000 1.067651 -0.069728 1.001243 0.000000
2.770000 1.069185 -0.067727 0.844533 0.000000
2.772000 1.070719 -0.036298 0.937958 0.000000
2.774000 1.073787 -0.014873 0.937958 0.000000
2.776000 1.075321 -0.014563 1.082389 0.000000
2.778000 1.076855 -0.018206 1.126951 0.000000
2.780000 1.076855 -0.044408 0.944315 0.000000
2.782000 1.078388 -0.035869 0.856816 0.000000
2.784000 1.079922 -0.013605 0.856816 0.000000
2.786000 1.081456 -0.013367 0.878533 0.000000
2.788000 1.082990 0.010864 1.147773 0.000000
2.790000 1.086058 -0.010420 1.199751 0.000000
2.792000 1.086058 -0.051883 1.031892 0.000000
2.794000 1.086058 -0.055298 1.031892 0.000000
2.796000 1.087592 -0.055004 0.862315 0.000000
2.798000 1.089126 -0.023316 0.962900 0.000000
2.800000 1.092194 -0.001631 1.100500 0.000000
2.802000 1.093728 -0.004660 1.100500 0.000000
2.804000 1.095262 -0.004501 1.212427 0.000000
2.806000 1.095262 -0.047851 0.920805 0.000000
2.808000 1.096796 -0.033528 0.913273 0.000000
2.810000 1.096796 -0.011967 0.931620 0.000000
2.812000 1.099864 0.011485 0.931620 0.000000
2.814000 1.101398 0.011626 1.157312 0.000000
2.816000 1.102932 -0.013683 1.174645 0.000000
2.818000 1.104466 -0.047989 1.034575 0.000000
2.820000 1.104466 -0.048694 1.034575 0.000000
2.822000 1.106000 -0.048426 0.935697 0.000000
2.824000 1.107534 -0.027483 0.989222 0.000000
2.826000 1.109068 -0.004789 1.125713 0.000000
2.828000 1.110602 -0.011697 1.179879 0.000000
2.830000 1.112136 -0.038270 1.179879 0.000000
2.832000 1.113670 -0.038062 1.164504 0.000000
2.834000 1.113670 -0.067427 0.937391 0.000000
2.836000 1.115204 -0.040061 0.956551 0.000000
2.838000 1.116738 -0.011406 0.956551 0.000000
2.840000 1.119806 -0.011117 1.056157 0.000000
2.842000 1.121340 0.002424 1.177472 0.000000
2.844000 1.121340 -0.031536 1.050890 0.000000
2.846000 1.122874 -0.035912 0.941269 0.000000
2.848000 1.122874 -0.017548 0.941269 0.000000
2.850000 1.124408 -0.017325 0.975699 0.000000
2.852000 1.127476 0.005545 1.105104 0.000000
2.854000 1.129010 0.005277 1.154747 0.000000
2.856000 1.130544 -0.015904 1.094057 0.000000
2.858000 1.130544 -0.027118 1.094057 0.000000
2.860000 1.132078 -0.026962 0.986986 0.000000
2.862000 1.133612 -0.009059 0.988776 0.000000
2.864000 1.135146 0.013597 1.061355 0.000000
2.866000 1.136680 0.022685 1.061355 0.000000
2.868000 1.138214 0.022721 1.153634 0.000000
2.870000 1.138214 0.000514 1.066253 0.000000
2.872000 1.139748 -0.009554 1.012392 0.000000
2.874000 1.141282 -0.003799 1.014401 0.000000
2.876000 1.142816 0.011967 1.014401 0.000000
2.878000 1.144350 0.012026 1.121193 0.000000
2.880000 1.145884 0.004136 1.136738 0.000000
2.882000 1.147418 -0.015821 1.084777 0.000000
2.884000 1.147418 -0.025929 1.084777 0.000000
2.886000 1.148952 -0.025793 1.048671 0.000000
2.888000 1.150486 -0.028636 1.069204 0.000000
2.890000 1.152020 -0.013992 1.082113 0.000000
2.892000 1.153554 -0.004167 1.149688 0.000000
2.894000 1.155088 -0.020443 1.149688 0.000000
2.896000 1.156622 -0.020279 1.091207 0.000000
2.898000 1.156622 -0.028944 1.059309 0.000000
2.900000 1.158155 -0.029311 1.080472 0.000000
2.902000 1.159689 -0.020212 1.108336 0.000000
2.904000 1.161223 -0.014492 1.108336 0.000000
2.906000 1.162757 -0.014286 1.135163 0.000000
2.908000 1.164291 -0.030870 1.044266 0.000000
2.910000 1.164291 -0.028814 1.070268 0.000000
2.912000 1.165825 -0.032741 1.070268 0.000000
2.914000 1.167359 -0.032497 1.073200 0.000000
2.916000 1.168893 -0.027699 1.133417 0.000000
2.918000 1.168893 -0.024927 1.141783 0.000000
2.920000 1.170427 -0.034018 1.072808 0.000000
2.922000 1.171961 -0.034139 1.072808 0.000000
2.924000 1.173495 -0.033866 1.086665 0.000000
2.926000 1.175029 -0.035568 1.122668 0.000000
2.928000 1.176563 -0.031975 1.196962 0.000000
2.930000 1.176563 -0.045512 1.196962 0.000000
2.932000 1.178097 -0.045206 1.156304 0.000000
2.934000 1.179631 -0.048626 1.049351 0.000000
2.936000 1.181165 -0.039917 1.059347 0.000000
2.938000 1.181165 -0.033605 1.123778 0.000000
2.940000 1.182699 -0.034925 1.123778 0.000000
2.942000 1.184233 -0.034616 1.202868 0.000000
2.944000 1.185767 -0.048559 1.167986 0.000000
2.946000 1.185767 -0.056907 1.087180 0.000000
2.948000 1.187301 -0.050198 1.087180 0.000000
2.950000 1.188835 -0.049810 1.046788 0.000000
2.952000 1.188835 -0.035831 1.161648 0.000000
2.954000 1.190369 -0.040779 1.227676 0.000000
2.956000 1.191903 -0.058675 1.219006 0.000000
2.958000 1.191903 -0.073364 1.219006 0.000000
2.960000 1.193437 -0.072925 1.046722 0.000000
2.962000 1.193437 -0.051833 1.045172 0.000000
2.964000 1.194971 -0.033501 1.107376 0.000000
2.966000 1.196505 -0.026226 1.206844 0.000000
2.968000 1.199573 -0.041656 1.206844 0.000000
2.970000 1.201107 -0.041338 1.209033 0.000000
2.972000 1.201107 -0.066072 1.093014 0.000000
2.974000 1.202641 -0.056861 1.065393 0.000000
2.976000 1.202641 -0.043514 1.065393 0.000000
2.978000 1.205709 -0.043112 1.094805 0.000000
2.980000 1.205709 -0.031595 1.293602 0.000000
2.982000 1.207243 -0.090637 1.312637 0.000000
2.984000 1.208777 -0.158428 1.235540 0.000000
2.986000 1.208777 -0.175596 1.235540 0.000000
2.988000 1.208777 -0.174695 1.056958 0.000000
2.990000 1.210311 -0.130541 1.098674 0.000000
2.992000 1.211845 -0.098766 1.232174 0.000000
2.994000 1.213379 -0.115207 1.232174 0.000000
2.996000 1.214913 -0.114374 1.288054 0.000000
2.998000 1.216447 -0.163571 1.198276 0.000000
3.000000 1.216447 -0.169614 1.112197 0.000000
3.002000 1.217981 -0.142852 1.097317 0.000000
3.004000 1.219515 -0.111539 1.097317 0.000000
3.006000 1.221049 -0.110587 1.355471 0.000000
3.008000 1.222583 -0.211162 1.416488 0.000000
3.010000 1.224117 -0.392287 1.347926 0.000000
3.012000 1.224117 -0.439518 1.186609 0.000000
3.014000 1.224117 -0.370222 1.186609 0.000000
3.016000 1.224117 -0.367855 1.113024 0.000000
3.018000 1.225651 -0.258478 1.234973 0.000000
3.020000 1.227185 -0.198725 1.333594 0.000000
3.022000 1.228719 -0.206727 1.333594 0.000000
3.024000 1.228719 -0.205119 1.200923 0.000000
3.026000 1.227185 -0.141445 1.059991 0.000000
3.028000 1.227185 -0.043563 1.032233 0.000000
3.030000 1.228719 0.047145 1.136544 0.000000
3.032000 1.230253 0.107647 1.136544 0.000000
3.034000 1.231787 0.107701 1.452661 0.000000
3.036000 1.233321 -0.132075 1.433457 0.000000
3.038000 1.234855 -0.284442 1.331500 0.000000
3.040000 1.233321 -0.272964 1.331500 0.000000
3.042000 1.233321 -0.271665 1.148300 0.000000
3.044000 1.234855 -0.155106 1.182551 0.000000
3.046000 1.237922 -0.042930 1.345356 0.000000
3.048000 1.239456 -0.013384 1.533178 0.000000
3.050000 1.240990 -0.835118 1.533178 0.000000
3.052000 1.240990 -0.833222 1.489065 0.000000
3.054000 1.239456 -1.061873 1.304662 0.000000
3.056000 1.239456 -0.842162 1.241574 0.000000
3.058000 1.239456 -0.613451 1.241574 0.000000
3.060000 1.242524 -0.608445 1.230412 0.000000
3.062000 1.244058 -0.381087 1.563832 0.000000
3.064000 1.245592 -5.712376 -1.468851 0.000000
3.066000 1.245592 -5.006491 -1.505068 0.000000
3.068000 1.245592 -4.613415 -1.505068 0.000000
3.070000 1.245592 -4.587415 1.367530 0.000000
3.072000 1.245592 -3.640419 1.371241 0.000000
3.074000 1.248660 -2.816536 1.475343 0.000000
3.076000 1.250194 -2.309486 -1.477814 0.000000
3.078000 1.250194 -1.941629 -1.477814 0.000000
3.080000 1.251728 -1.925475 -1.258853 0.000000
3.082000 1.251728 -1.303513 -1.496258 0.000000
3.084000 1.250194 -1.147293 1.415074 0.000000
3.086000 1.251728 -0.707246 1.415074 0.000000
3.088000 1.253262 -0.699539 1.500380 0.000000
3.090000 1.254796 -0.569189 -1.413809 0.000000
3.092000 1.254796 -0.250550 -1.226516 0.000000
3.094000 1.256330 0.129015 -1.185754 0.000000
3.096000 1.256330 0.454243 -1.185754 0.000000
3.098000 1.254796 0.454318 -1.540777 0.000000
3.100000 1.256330 -0.023516 1.511363 0.000000
3.102000 1.257864 0.047186 -1.476320 0.000000
3.104000 1.259398 0.191766 -1.476320 0.000000
3.106000 1.260932 0.190915 -1.151249 0.000000
3.108000 1.260932 0.558809 -1.188615 0.000000
3.110000 1.260932 0.840826 -1.314905 0.000000
3.112000 1.260932 1.031309 -1.398133 0.000000
3.114000 1.262466 1.152925 -1.398133 0.000000
3.116000 1.262466 1.147293 -1.363678 0.000000
3.118000 1.264000 1.283777 -1.295984 0.000000
3.120000 1.265534 1.400130 -1.258998 0.000000
3.122000 1.265534 1.485282 -1.258998 0.000000
3.124000 1.267068 1.476988 -1.322269 0.000000
3.126000 1.267068 1.503525 -1.395353 0.000000
3.128000 1.267068 1.520801 -1.362458 0.000000
3.130000 1.268602 1.554087 -1.337905 0.000000
3.132000 1.268602 1.578533 -1.337905 0.000000
3.134000 1.270136 1.569019 -1.465231 0.000000
3.136000 1.271670 1.436074 -1.529995 0.000000
3.138000 1.271670 0.974140 -1.466512 0.000000
3.140000 1.273204 0.915701 -1.330868 0.000000
3.142000 1.273204 0.981863 -1.330868 0.000000
3.144000 1.274738 0.975266 -1.218640 0.000000
3.146000 1.274738 1.057992 -1.389798 0.000000
3.148000 1.274738 1.074954 1.526496 0.000000
3.150000 1.276272 0.815649 1.526496 0.000000
3.152000 1.276272 0.809609 1.512697 0.000000
3.154000 1.277806 0.676425 -1.501795 0.000000
3.156000 1.277806 0.628439 -1.426145 0.000000
3.158000 1.279340 0.675260 -1.468665 0.000000
3.160000 1.279340 0.649704 -1.468665 0.000000
3.162000 1.277806 0.645441 1.250218 0.000000
3.164000 1.277806 0.743729 1.214312 0.000000
3.166000 1.279340 0.826247 1.359837 0.000000
3.168000 1.280874 0.865475 1.359837 0.000000
3.170000 1.280874 0.860656 -1.569437 0.000000
3.172000 1.282408 -6.679618 1.568437 0.000000
3.174000 1.282408 -10.375094 1.491400 0.000000
3.176000 1.280874 -8.663222 1.268029 0.000000
3.178000 1.280874 -7.028801 1.268029 0.000000
3.180000 1.280874 -6.982375 1.221496 0.000000
3.182000 1.280874 -5.357618 1.280543 0.000000
3.184000 1.283942 -4.001826 1.528473 0.000000
3.186000 1.283942 -3.047858 1.528473 0.000000
3.188000 1.283942 -3.019332 1.473781 0.000000
3.190000 1.282408 -2.016811 1.152260 0.000000
3.192000 1.282408 -1.084443 1.175186 0.000000
3.194000 1.282408 -0.312721 1.057110 0.000000
3.196000 1.282408 0.336614 1.057110 0.000000
3.198000 1.285476 0.341326 1.495240 0.000000
3.200000 1.285476 0.793774 1.543096 0.000000
3.202000 1.285476 0.846817 1.425414 0.000000
3.204000 1.283942 1.214366 1.150830 0.000000
3.206000 1.283942 1.584028 1.150830 0.000000
3.208000 1.283942 1.577470 1.116879 0.000000
3.210000 1.285476 1.901301 1.185605 0.000000
3.212000 1.287010 2.144031 1.350424 0.000000
3.214000 1.287010 2.294324 1.350424 0.000000
3.216000 1.287010 2.282077 1.253986 0.000000
3.218000 1.287010 2.404629 1.113641 0.000000
3.220000 1.285476 2.500241 1.100916 0.000000
3.222000 1.285476 2.565539 1.131256 0.000000
3.224000 1.287010 2.602935 1.131256 0.000000
3.226000 1.287010 2.587525 1.287938 0.000000
3.228000 1.287010 2.558997 1.284281 0.000000
3.230000 1.287010 2.513676 1.186823 0.000000
3.232000 1.285476 2.475097 1.186823 0.000000
3.234000 1.285476 2.459616 1.164200 0.000000
3.236000 1.287010 2.402075 1.235319 0.000000
3.238000 1.287010 2.333018 1.284580 0.000000
3.240000 1.287010 2.255387 1.263383 0.000000
3.242000 1.287010 2.179429 1.263383 0.000000
3.244000 1.285476 2.165409 1.169978 0.000000
3.246000 1.283942 2.078709 1.214568 0.000000
3.248000 1.283942 1.991843 1.349209 0.000000
3.250000 1.285476 1.881406 1.349209 0.000000
3.252000 1.287010 1.869004 1.385008 0.000000
3.254000 1.287010 1.735487 1.228179 0.000000
3.256000 1.285476 1.652708 1.114263 0.000000
3.258000 1.283942 1.583725 1.112825 0.000000
3.260000 1.283942 1.519017 1.112825 0.000000
3.262000 1.283942 1.509037 1.367052 0.000000
3.264000 1.283942 1.409892 1.429570 0.000000
3.266000 1.285476 1.294757 1.386847 0.000000
3.268000 1.283942 1.198566 1.293864 0.000000
3.270000 1.283942 1.129457 1.293864 0.000000
3.272000 1.283942 1.121788 1.361206 0.000000
3.274000 1.283942 1.038386 1.465381 0.000000
3.276000 1.283942 0.919594 1.486950 0.000000
3.278000 1.283942 0.785627 1.486950 0.000000
3.280000 1.282408 0.779803 1.311696 0.000000
3.282000 1.282408 0.726059 1.243448 0.000000
3.284000 1.282408 0.692048 1.250339 0.000000
3.286000 1.282408 0.665054 1.532551 0.000000
3.288000 1.282408 0.444566 1.532551 0.000000
3.290000 1.282408 0.440715 -1.558446 0.000000
3.292000 1.282408 -0.287276 1.516677 0.000000
3.294000 1.280874 -0.363492 1.371244 0.000000
3.296000 1.279340 -0.271708 1.371244 0.000000
3.298000 1.279340 -0.270710 1.287067 0.000000
3.300000 1.279340 -0.149908 1.438899 0.000000
3.302000 1.280874 -0.086295 -1.553653 0.000000
3.304000 1.280874 -0.414014 -1.497053 0.000000
3.306000 1.279340 -0.339917 -1.497053 0.000000
3.308000 1.279340 -0.338250 1.394321 0.000000
3.310000 1.277806 -0.212739 1.217616 0.000000
3.312000 1.276272 -0.084270 1.161737 0.000000
3.314000 1.276272 0.025704 1.161737 0.000000
3.316000 1.277806 0.026491 1.509290 0.000000
3.318000 1.277806 -0.002969 -1.394741 0.000000
3.320000 1.277806 0.079434 -1.409844 0.000000
3.322000 1.276272 0.135431 -1.534520 0.000000
3.324000 1.274738 -0.035146 -1.534520 0.000000
3.326000 1.274738 -0.035629 1.161481 0.000000
3.328000 1.274738 0.061554 1.240298 0.000000
3.330000 1.274738 0.139157 1.516053 0.000000
3.332000 1.274738 0.047632 -1.332118 0.000000
3.334000 1.274738 0.114047 -1.332118 0.000000
3.336000 1.274738 0.113578 -1.479962 0.000000
3.338000 1.273204 0.086698 1.381589 0.000000
3.340000 1.273204 0.109976 1.155638 0.000000
3.342000 1.273204 0.169658 1.155638 0.000000
3.344000 1.273204 0.168936 1.385567 0.000000
3.346000 1.273204 0.186017 -1.495916 0.000000
3.348000 1.273204 0.139286 -1.468768 0.000000
3.350000 1.273204 0.141755 1.166437 0.000000
3.352000 1.271670 0.199320 1.166437 0.000000
3.354000 1.270136 0.198310 1.062365 0.000000
3.356000 1.270136 0.257581 1.145717 0.000000
3.358000 1.270136 0.301805 1.359955 0.000000
3.360000 1.270136 0.317435 1.359955 0.000000
3.362000 1.270136 0.315752 1.565619 0.000000
3.364000 1.270136 -1.271631 1.364741 0.000000
3.366000 1.267068 -1.015766 1.092328 0.000000
3.368000 1.265534 -0.766979 1.158716 0.000000
3.370000 1.267068 -0.552554 1.158716 0.000000
3.372000 1.267068 -0.548109 1.307402 0.000000
3.374000 1.267068 -0.345641 1.428822 0.000000
3.376000 1.267068 -0.178979 1.408502 0.000000
3.378000 1.265534 -0.035266 1.408502 0.000000
3.380000 1.264000 -0.033688 1.169990 0.000000
3.382000 1.262466 0.101646 1.142924 0.000000
3.384000 1.262466 0.209997 1.173677 0.000000
3.386000 1.262466 0.292403 1.334235 0.000000
3.388000 1.264000 0.354871 1.334235 0.000000
3.390000 1.264000 0.353419 1.345488 0.000000
3.392000 1.262466 0.415676 1.307026 0.000000
3.394000 1.259398 0.467392 0.000000 0.000000
3.396000 1.259398 0.513556 1.181060 0.000000
3.398000 1.257864 0.540875 1.181060 0.000000
3.400000 1.257864 0.537901 1.165838 0.000000
3.402000 1.257864 0.555394 1.171787 0.000000
3.404000 1.257864 0.565390 1.136195 0.000000
3.406000 1.257864 0.569724 1.136195 0.000000
3.408000 1.257864 0.566301 1.229215 0.000000
3.410000 1.256330 0.557581 1.346106 0.000000
3.412000 1.256330 0.537735 1.283089 0.000000
3.414000 1.256330 0.519391 0.976812 0.000000
3.416000 1.254796 0.510261 0.976812 0.000000
3.418000 1.254796 0.507015 0.927629 0.000000
3.420000 1.253262 0.495986 1.065369 0.000000
3.422000 1.253262 0.483641 1.289597 0.000000
3.424000 1.253262 0.464919 1.289597 0.000000
3.426000 1.253262 0.461924 1.390476 0.000000
3.428000 1.251728 0.416344 1.211977 0.000000
3.430000 1.251728 0.387122 0.973112 0.000000
3.432000 1.250194 0.371309 1.033264 0.000000
3.434000 1.248660 0.360689 1.033264 0.000000
3.436000 1.248660 0.358322 1.275931 0.000000
3.438000 1.248660 0.343233 1.333995 0.000000
3.440000 1.248660 0.331102 1.277942 0.000000
3.442000 1.247126 0.314761 1.277942 0.000000
3.444000 1.245592 0.312692 0.935899 0.000000
3.446000 1.244058 0.300345 0.966697 0.000000
3.448000 1.244058 0.291543 1.180502 0.000000
3.450000 1.244058 0.281928 1.343942 0.000000
3.452000 1.244058 0.276192 1.343942 0.000000
3.454000 1.244058 0.274418 1.224037 0.000000
3.456000 1.242524 0.260004 1.101789 0.000000
3.458000 1.239456 0.242407 1.086627 0.000000
3.460000 1.239456 0.228038 1.242683 0.000000
3.462000 1.239456 0.219401 1.242683 0.000000
3.464000 1.239456 0.217944 1.255203 0.000000
3.466000 1.239456 0.211775 1.230357 0.000000
3.468000 1.237922 0.205075 1.206026 0.000000
3.470000 1.236389 0.193176 1.206026 0.000000
3.472000 1.236389 0.191894 1.363639 0.000000
3.474000 1.236389 0.159487 1.389746 0.000000
3.476000 1.234855 0.129995 1.356767 0.000000
3.478000 1.234855 0.110536 1.187057 0.000000
3.480000 1.233321 0.102459 1.187057 0.000000
3.482000 1.231787 0.101693 1.245002 0.000000
3.484000 1.231787 0.089404 1.372705 0.000000
3.486000 1.231787 0.067145 1.431625 0.000000
3.488000 1.230253 0.039699 1.431625 0.000000
3.490000 1.230253 0.039262 1.264595 0.000000
3.492000 1.228719 0.037110 1.156151 0.000000
3.494000 1.227185 0.039090 1.216391 0.000000
3.496000 1.227185 0.039278 1.513329 0.000000
3.498000 1.227185 -0.074587 1.513329 0.000000
3.500000 1.225651 -0.074630 1.432044 0.000000
3.502000 1.225651 -0.093402 1.251357 0.000000
3.504000 1.224117 -0.076625 1.064994 0.000000
3.506000 1.222583 -0.052532 1.064994 0.000000
3.508000 1.222583 -0.052106 1.281197 0.000000
3.510000 1.222583 -0.029905 1.540552 0.000000
3.512000 1.221049 -0.146183 -1.566388 0.000000
3.514000 1.219515 -0.994719 1.145592 0.000000
3.516000 1.217981 -0.828087 1.145592 0.000000
3.518000 1.217981 -0.824474 1.070881 0.000000
3.520000 1.217981 -0.650880 1.251392 0.000000
3.522000 1.217981 -0.506319 1.486803 0.000000
3.524000 1.217981 -0.410063 -1.555427 0.000000
3.526000 1.216447 -0.408096 -1.555427 0.000000
3.528000 1.214913 -0.405193 1.305071 0.000000
3.530000 1.211845 -0.271785 1.086554 0.000000
3.532000 1.211845 -0.156710 1.279039 0.000000
3.534000 1.211845 -0.059767 1.279039 0.000000
3.536000 1.211845 -0.058509 1.431644 0.000000
3.538000 1.211845 0.040502 1.524019 0.000000
3.540000 1.210311 0.170697 1.444590 0.000000
3.542000 1.210311 0.242786 1.137848 0.000000
3.544000 1.207243 0.277710 1.137848 0.000000
3.546000 1.205709 0.276544 1.169262 0.000000
3.548000 1.207243 0.304888 1.308494 0.000000
3.550000 1.207243 0.329585 1.351246 0.000000
3.552000 1.205709 0.355035 1.351246 0.000000
3.554000 1.205709 0.353080 1.226872 0.000000
3.556000 1.204175 0.369694 1.233491 0.000000
3.558000 1.204175 0.382932 1.345631 0.000000
3.560000 1.202641 0.392192 1.375928 0.000000
3.562000 1.202641 0.385141 1.375928 0.000000
3.564000 1.201107 0.382779 1.205889 0.000000
3.566000 1.199573 0.369536 1.036570 0.000000
3.568000 1.199573 0.356530 1.040819 0.000000
3.570000 1.198039 0.344625 1.040819 0.000000
3.572000 1.198039 0.342390 1.425563 0.000000
3.574000 1.198039 0.341326 1.527417 0.000000
3.576000 1.198039 0.371730 1.359816 0.000000
3.578000 1.194971 0.351878 0.937273 0.000000
3.580000 1.193437 0.327305 0.937273 0.000000
3.582000 1.193437 0.325148 1.068099 0.000000
3.584000 1.193437 0.297616 1.321969 0.000000
3.586000 1.193437 0.272001 1.321969 0.000000
